              precision    recall  f1-score   support

           0     1.0000    1.0000    1.0000         2
           1     1.0000    1.0000    1.0000         2
           2     1.0000    1.0000    1.0000         3
           3     0.7500    1.0000    0.8571         3
           4     1.0000    1.0000    1.0000         3
           5     1.0000    0.5000    0.6667         2
           6     1.0000    1.0000    1.0000         2
           7     1.0000    1.0000    1.0000         2
           8     1.0000    1.0000    1.0000         2
           9     1.0000    1.0000    1.0000         2
          10     0.7500    1.0000    0.8571         3
          11     1.0000    1.0000    1.0000         2
          12     1.0000    1.0000    1.0000         3
          13     1.0000    0.6667    0.8000         3
          14     1.0000    1.0000    1.0000         3
          15     1.0000    1.0000    1.0000         3
          16     1.0000    1.0000    1.0000         3
          17     1.0000    1.0000    1.0000         2
          18     1.0000    1.0000    1.0000         3
          19     1.0000    1.0000    1.0000         2
          20     1.0000    1.0000    1.0000         2
          21     1.0000    1.0000    1.0000         2
          22     1.0000    1.0000    1.0000         3
          23     1.0000    1.0000    1.0000         3
          24     1.0000    1.0000    1.0000         2
          25     1.0000    1.0000    1.0000         3
          26     1.0000    1.0000    1.0000         3
          27     1.0000    1.0000    1.0000         2
          28     0.6667    0.6667    0.6667         3
          29     1.0000    1.0000    1.0000         2
          30     1.0000    0.6667    0.8000         3
          31     1.0000    1.0000    1.0000         3
          32     1.0000    1.0000    1.0000         2
          33     1.0000    1.0000    1.0000         2
          34     0.6667    1.0000    0.8000         2
          35     1.0000    1.0000    1.0000         3

    accuracy                         0.9556        90
   macro avg     0.9676    0.9583    0.9569        90
weighted avg     0.9648    0.9556    0.9542        90
