              precision    recall  f1-score   support

           0     0.0000    0.0000    0.0000         3
           1     0.0000    0.0000    0.0000         2
           2     0.0000    0.0000    0.0000         3
           3     0.0000    0.0000    0.0000         3
           4     0.0000    0.0000    0.0000         3
           5     0.0000    0.0000    0.0000         3
           6     0.0000    0.0000    0.0000         3
           7     0.0000    0.0000    0.0000         2
           8     0.0333    1.0000    0.0645         3
           9     0.0000    0.0000    0.0000         3
          10     0.0000    0.0000    0.0000         3
          11     0.0000    0.0000    0.0000         3
          12     0.0000    0.0000    0.0000         3
          13     0.0000    0.0000    0.0000         3
          14     0.0000    0.0000    0.0000         2
          15     0.0000    0.0000    0.0000         2
          16     0.0000    0.0000    0.0000         3
          17     0.0000    0.0000    0.0000         2
          18     0.0000    0.0000    0.0000         2
          19     0.0000    0.0000    0.0000         2
          20     0.0000    0.0000    0.0000         2
          21     0.0000    0.0000    0.0000         3
          22     0.0000    0.0000    0.0000         2
          23     0.0000    0.0000    0.0000         3
          24     0.0000    0.0000    0.0000         2
          25     0.0000    0.0000    0.0000         3
          26     0.0000    0.0000    0.0000         2
          27     0.0000    0.0000    0.0000         2
          28     0.0000    0.0000    0.0000         2
          29     0.0000    0.0000    0.0000         3
          30     0.0000    0.0000    0.0000         2
          31     0.0000    0.0000    0.0000         3
          32     0.0000    0.0000    0.0000         2
          33     0.0000    0.0000    0.0000         2
          34     0.0000    0.0000    0.0000         2
          35     0.0000    0.0000    0.0000         2

    accuracy                         0.0333        90
   macro avg     0.0009    0.0278    0.0018        90
weighted avg     0.0011    0.0333    0.0022        90
