              precision    recall  f1-score   support

           0     1.0000    1.0000    1.0000         3
           1     1.0000    1.0000    1.0000         2
           2     1.0000    0.6667    0.8000         3
           3     1.0000    1.0000    1.0000         2
           4     1.0000    1.0000    1.0000         2
           5     1.0000    1.0000    1.0000         2
           6     1.0000    0.6667    0.8000         3
           7     1.0000    1.0000    1.0000         3
           8     1.0000    0.5000    0.6667         2
           9     1.0000    0.6667    0.8000         3
          10     1.0000    1.0000    1.0000         3
          11     1.0000    1.0000    1.0000         2
          12     1.0000    1.0000    1.0000         2
          13     1.0000    1.0000    1.0000         2
          14     1.0000    1.0000    1.0000         2
          15     1.0000    1.0000    1.0000         2
          16     0.6000    1.0000    0.7500         3
          17     1.0000    0.6667    0.8000         3
          18     1.0000    1.0000    1.0000         2
          19     1.0000    1.0000    1.0000         3
          20     1.0000    1.0000    1.0000         2
          21     1.0000    1.0000    1.0000         3
          22     1.0000    1.0000    1.0000         2
          23     1.0000    1.0000    1.0000         3
          24     1.0000    1.0000    1.0000         3
          25     0.7500    1.0000    0.8571         3
          26     0.7500    1.0000    0.8571         3
          27     1.0000    1.0000    1.0000         3
          28     1.0000    1.0000    1.0000         3
          29     1.0000    0.5000    0.6667         2
          30     0.6667    1.0000    0.8000         2
          31     1.0000    1.0000    1.0000         2
          32     1.0000    1.0000    1.0000         3
          33     1.0000    1.0000    1.0000         2
          34     0.6667    1.0000    0.8000         2
          35     1.0000    1.0000    1.0000         3

    accuracy                         0.9333        90
   macro avg     0.9565    0.9352    0.9333        90
weighted avg     0.9552    0.9333    0.9318        90
