              precision    recall  f1-score   support

           0     1.0000    1.0000    1.0000         3
           1     1.0000    1.0000    1.0000         3
           2     0.7500    1.0000    0.8571         3
           3     1.0000    1.0000    1.0000         2
           4     0.5000    1.0000    0.6667         2
           5     1.0000    1.0000    1.0000         3
           6     1.0000    1.0000    1.0000         2
           7     1.0000    0.6667    0.8000         3
           8     1.0000    1.0000    1.0000         2
           9     1.0000    1.0000    1.0000         2
          10     1.0000    0.6667    0.8000         3
          11     1.0000    1.0000    1.0000         2
          12     1.0000    1.0000    1.0000         3
          13     1.0000    1.0000    1.0000         3
          14     1.0000    0.3333    0.5000         3
          15     1.0000    1.0000    1.0000         2
          16     1.0000    1.0000    1.0000         3
          17     1.0000    1.0000    1.0000         3
          18     1.0000    0.6667    0.8000         3
          19     1.0000    0.5000    0.6667         2
          20     0.5000    0.5000    0.5000         2
          21     0.6667    1.0000    0.8000         2
          22     1.0000    1.0000    1.0000         2
          23     1.0000    1.0000    1.0000         2
          24     1.0000    1.0000    1.0000         2
          25     1.0000    1.0000    1.0000         3
          26     0.6667    1.0000    0.8000         2
          27     1.0000    1.0000    1.0000         3
          28     1.0000    1.0000    1.0000         3
          29     1.0000    1.0000    1.0000         2
          30     0.6667    1.0000    0.8000         2
          31     1.0000    1.0000    1.0000         2
          32     1.0000    1.0000    1.0000         3
          33     1.0000    1.0000    1.0000         3
          34     1.0000    1.0000    1.0000         3
          35     1.0000    1.0000    1.0000         2

    accuracy                         0.9222        90
   macro avg     0.9375    0.9259    0.9164        90
weighted avg     0.9472    0.9222    0.9193        90
