              precision    recall  f1-score   support

           0     1.0000    1.0000    1.0000         2
           1     1.0000    1.0000    1.0000         3
           2     1.0000    1.0000    1.0000         2
           3     1.0000    1.0000    1.0000         2
           4     1.0000    1.0000    1.0000         2
           5     1.0000    1.0000    1.0000         3
           6     1.0000    1.0000    1.0000         2
           7     1.0000    1.0000    1.0000         3
           8     1.0000    1.0000    1.0000         3
           9     1.0000    1.0000    1.0000         2
          10     1.0000    1.0000    1.0000         2
          11     1.0000    1.0000    1.0000         3
          12     1.0000    1.0000    1.0000         2
          13     1.0000    1.0000    1.0000         3
          14     1.0000    1.0000    1.0000         3
          15     0.6667    1.0000    0.8000         2
          16     1.0000    0.6667    0.8000         3
          17     1.0000    1.0000    1.0000         2
          18     1.0000    1.0000    1.0000         2
          19     1.0000    1.0000    1.0000         3
          20     1.0000    1.0000    1.0000         3
          21     1.0000    1.0000    1.0000         2
          22     1.0000    1.0000    1.0000         3
          23     1.0000    1.0000    1.0000         3
          24     1.0000    1.0000    1.0000         3
          25     1.0000    1.0000    1.0000         2
          26     1.0000    1.0000    1.0000         3
          27     1.0000    1.0000    1.0000         3
          28     1.0000    1.0000    1.0000         2
          29     1.0000    1.0000    1.0000         3
          30     1.0000    1.0000    1.0000         2
          31     1.0000    1.0000    1.0000         3
          32     1.0000    1.0000    1.0000         3
          33     1.0000    1.0000    1.0000         2
          34     1.0000    1.0000    1.0000         2
          35     1.0000    1.0000    1.0000         2

    accuracy                         0.9889        90
   macro avg     0.9907    0.9907    0.9889        90
weighted avg     0.9926    0.9889    0.9889        90
