              precision    recall  f1-score   support

           0     1.0000    1.0000    1.0000         3
           1     1.0000    1.0000    1.0000         2
           2     1.0000    1.0000    1.0000         3
           3     1.0000    0.5000    0.6667         2
           4     1.0000    1.0000    1.0000         3
           5     1.0000    1.0000    1.0000         2
           6     0.6667    1.0000    0.8000         2
           7     1.0000    0.3333    0.5000         3
           8     1.0000    1.0000    1.0000         3
           9     1.0000    1.0000    1.0000         3
          10     0.7500    1.0000    0.8571         3
          11     1.0000    1.0000    1.0000         3
          12     0.7500    1.0000    0.8571         3
          13     0.6667    1.0000    0.8000         2
          14     0.6000    1.0000    0.7500         3
          15     1.0000    1.0000    1.0000         3
          16     1.0000    0.6667    0.8000         3
          17     1.0000    1.0000    1.0000         2
          18     0.5000    0.5000    0.5000         2
          19     1.0000    1.0000    1.0000         3
          20     1.0000    1.0000    1.0000         2
          21     1.0000    1.0000    1.0000         2
          22     1.0000    1.0000    1.0000         2
          23     1.0000    1.0000    1.0000         2
          24     0.7500    1.0000    0.8571         3
          25     1.0000    1.0000    1.0000         2
          26     1.0000    1.0000    1.0000         2
          27     1.0000    0.5000    0.6667         2
          28     1.0000    0.6667    0.8000         3
          29     0.7500    1.0000    0.8571         3
          30     1.0000    0.5000    0.6667         2
          31     1.0000    0.6667    0.8000         3
          32     1.0000    1.0000    1.0000         2
          33     1.0000    1.0000    1.0000         2
          34     1.0000    1.0000    1.0000         3
          35     1.0000    1.0000    1.0000         2

    accuracy                         0.9000        90
   macro avg     0.9287    0.8981    0.8938        90
weighted avg     0.9274    0.9000    0.8937        90
