              precision    recall  f1-score   support

           0     1.0000    1.0000    1.0000         2
           1     1.0000    1.0000    1.0000         3
           2     1.0000    1.0000    1.0000         3
           3     1.0000    1.0000    1.0000         3
           4     1.0000    1.0000    1.0000         3
           5     1.0000    1.0000    1.0000         2
           6     1.0000    1.0000    1.0000         2
           7     1.0000    1.0000    1.0000         2
           8     1.0000    0.3333    0.5000         3
           9     1.0000    1.0000    1.0000         2
          10     1.0000    1.0000    1.0000         2
          11     1.0000    1.0000    1.0000         3
          12     1.0000    1.0000    1.0000         3
          13     1.0000    1.0000    1.0000         2
          14     0.5000    1.0000    0.6667         2
          15     1.0000    1.0000    1.0000         2
          16     1.0000    1.0000    1.0000         2
          17     1.0000    0.6667    0.8000         3
          18     0.7500    1.0000    0.8571         3
          19     1.0000    1.0000    1.0000         2
          20     1.0000    1.0000    1.0000         2
          21     1.0000    1.0000    1.0000         3
          22     1.0000    1.0000    1.0000         3
          23     1.0000    1.0000    1.0000         2
          24     1.0000    1.0000    1.0000         2
          25     1.0000    1.0000    1.0000         2
          26     1.0000    1.0000    1.0000         3
          27     1.0000    0.6667    0.8000         3
          28     1.0000    1.0000    1.0000         2
          29     1.0000    1.0000    1.0000         3
          30     0.7500    1.0000    0.8571         3
          31     1.0000    1.0000    1.0000         3
          32     1.0000    0.5000    0.6667         2
          33     1.0000    1.0000    1.0000         2
          34     0.7500    1.0000    0.8571         3
          35     1.0000    1.0000    1.0000         3

    accuracy                         0.9444        90
   macro avg     0.9653    0.9491    0.9446        90
weighted avg     0.9639    0.9444    0.9409        90
