              precision    recall  f1-score   support

           0     1.0000    1.0000    1.0000         3
           1     1.0000    1.0000    1.0000         3
           2     1.0000    1.0000    1.0000         3
           3     1.0000    1.0000    1.0000         3
           4     1.0000    1.0000    1.0000         2
           5     1.0000    1.0000    1.0000         3
           6     1.0000    0.6667    0.8000         3
           7     1.0000    1.0000    1.0000         3
           8     1.0000    1.0000    1.0000         2
           9     1.0000    0.5000    0.6667         2
          10     1.0000    1.0000    1.0000         3
          11     1.0000    1.0000    1.0000         2
          12     1.0000    1.0000    1.0000         3
          13     1.0000    0.5000    0.6667         2
          14     1.0000    1.0000    1.0000         2
          15     1.0000    1.0000    1.0000         2
          16     1.0000    1.0000    1.0000         2
          17     1.0000    1.0000    1.0000         2
          18     0.4000    1.0000    0.5714         2
          19     1.0000    1.0000    1.0000         2
          20     1.0000    1.0000    1.0000         3
          21     1.0000    1.0000    1.0000         3
          22     1.0000    1.0000    1.0000         3
          23     1.0000    1.0000    1.0000         3
          24     1.0000    0.6667    0.8000         3
          25     1.0000    1.0000    1.0000         3
          26     1.0000    1.0000    1.0000         2
          27     1.0000    1.0000    1.0000         3
          28     0.6667    1.0000    0.8000         2
          29     1.0000    1.0000    1.0000         2
          30     1.0000    1.0000    1.0000         3
          31     1.0000    1.0000    1.0000         2
          32     1.0000    1.0000    1.0000         2
          33     1.0000    1.0000    1.0000         2
          34     1.0000    1.0000    1.0000         2
          35     1.0000    1.0000    1.0000         3

    accuracy                         0.9556        90
   macro avg     0.9741    0.9537    0.9529        90
weighted avg     0.9793    0.9556    0.9579        90
