              precision    recall  f1-score   support

           0     1.0000    1.0000    1.0000         2
           1     1.0000    0.6667    0.8000         3
           2     1.0000    1.0000    1.0000         2
           3     1.0000    1.0000    1.0000         3
           4     0.7500    1.0000    0.8571         3
           5     1.0000    0.6667    0.8000         3
           6     1.0000    1.0000    1.0000         2
           7     0.7500    1.0000    0.8571         3
           8     1.0000    0.6667    0.8000         3
           9     1.0000    1.0000    1.0000         2
          10     1.0000    1.0000    1.0000         2
          11     1.0000    1.0000    1.0000         2
          12     1.0000    0.6667    0.8000         3
          13     1.0000    1.0000    1.0000         2
          14     1.0000    0.5000    0.6667         2
          15     1.0000    1.0000    1.0000         3
          16     1.0000    1.0000    1.0000         3
          17     1.0000    1.0000    1.0000         3
          18     1.0000    1.0000    1.0000         2
          19     1.0000    1.0000    1.0000         3
          20     1.0000    1.0000    1.0000         2
          21     1.0000    1.0000    1.0000         2
          22     1.0000    1.0000    1.0000         3
          23     1.0000    1.0000    1.0000         3
          24     1.0000    1.0000    1.0000         3
          25     1.0000    1.0000    1.0000         2
          26     0.6667    1.0000    0.8000         2
          27     1.0000    1.0000    1.0000         2
          28     1.0000    1.0000    1.0000         2
          29     1.0000    1.0000    1.0000         3
          30     1.0000    1.0000    1.0000         2
          31     1.0000    1.0000    1.0000         3
          32     0.7500    1.0000    0.8571         3
          33     0.6667    1.0000    0.8000         2
          34     1.0000    1.0000    1.0000         2
          35     1.0000    1.0000    1.0000         3

    accuracy                         0.9444        90
   macro avg     0.9606    0.9491    0.9455        90
weighted avg     0.9602    0.9444    0.9428        90
