              precision    recall  f1-score   support

           0     1.0000    1.0000    1.0000         2
           1     1.0000    1.0000    1.0000         3
           2     1.0000    1.0000    1.0000         3
           3     1.0000    1.0000    1.0000         3
           4     1.0000    1.0000    1.0000         3
           5     1.0000    0.5000    0.6667         2
           6     0.6000    1.0000    0.7500         3
           7     1.0000    1.0000    1.0000         3
           8     0.5000    0.5000    0.5000         2
           9     1.0000    0.5000    0.6667         2
          10     1.0000    1.0000    1.0000         2
          11     1.0000    1.0000    1.0000         2
          12     1.0000    0.6667    0.8000         3
          13     1.0000    1.0000    1.0000         3
          14     1.0000    1.0000    1.0000         3
          15     1.0000    1.0000    1.0000         2
          16     1.0000    0.6667    0.8000         3
          17     1.0000    0.5000    0.6667         2
          18     0.6000    1.0000    0.7500         3
          19     0.5000    0.3333    0.4000         3
          20     1.0000    1.0000    1.0000         2
          21     0.7500    1.0000    0.8571         3
          22     1.0000    0.5000    0.6667         2
          23     1.0000    1.0000    1.0000         2
          24     0.5000    0.3333    0.4000         3
          25     0.6667    1.0000    0.8000         2
          26     1.0000    1.0000    1.0000         3
          27     1.0000    1.0000    1.0000         2
          28     1.0000    1.0000    1.0000         3
          29     1.0000    0.5000    0.6667         2
          30     0.6667    0.6667    0.6667         3
          31     1.0000    1.0000    1.0000         2
          32     1.0000    1.0000    1.0000         2
          33     0.6667    1.0000    0.8000         2
          34     0.5000    1.0000    0.6667         2
          35     1.0000    1.0000    1.0000         3

    accuracy                         0.8556        90
   macro avg     0.8875    0.8519    0.8479        90
weighted avg     0.8835    0.8556    0.8497        90
