              precision    recall  f1-score   support

           0     1.0000    0.6667    0.8000         3
           1     0.0000    0.0000    0.0000         2
           2     1.0000    1.0000    1.0000         2
           3     1.0000    0.6667    0.8000         3
           4     0.4000    0.6667    0.5000         3
           5     0.0000    0.0000    0.0000         2
           6     0.3333    1.0000    0.5000         2
           7     1.0000    0.6667    0.8000         3
           8     1.0000    0.3333    0.5000         3
           9     1.0000    1.0000    1.0000         3
          10     1.0000    1.0000    1.0000         2
          11     0.0000    0.0000    0.0000         3
          12     1.0000    0.5000    0.6667         2
          13     0.7500    1.0000    0.8571         3
          14     1.0000    0.3333    0.5000         3
          15     0.6000    1.0000    0.7500         3
          16     1.0000    1.0000    1.0000         2
          17     1.0000    0.6667    0.8000         3
          18     0.3333    0.5000    0.4000         2
          19     0.7500    1.0000    0.8571         3
          20     0.0000    0.0000    0.0000         2
          21     0.5000    1.0000    0.6667         2
          22     0.0000    0.0000    0.0000         3
          23     0.5000    1.0000    0.6667         2
          24     0.6667    1.0000    0.8000         2
          25     0.6667    1.0000    0.8000         2
          26     0.5000    0.6667    0.5714         3
          27     0.6667    1.0000    0.8000         2
          28     1.0000    0.6667    0.8000         3
          29     0.5000    0.3333    0.4000         3
          30     0.2000    0.3333    0.2500         3
          31     0.5000    0.5000    0.5000         2
          32     0.7500    1.0000    0.8571         3
          33     1.0000    0.5000    0.6667         2
          34     0.3333    0.5000    0.4000         2
          35     1.0000    1.0000    1.0000         2

    accuracy                         0.6444        90
   macro avg     0.6375    0.6528    0.6086        90
weighted avg     0.6483    0.6444    0.6096        90
