              precision    recall  f1-score   support

           0     1.0000    1.0000    1.0000         2
           1     0.6667    1.0000    0.8000         2
           2     1.0000    1.0000    1.0000         3
           3     1.0000    0.5000    0.6667         2
           4     0.7500    1.0000    0.8571         3
           5     1.0000    0.3333    0.5000         3
           6     0.7500    1.0000    0.8571         3
           7     1.0000    1.0000    1.0000         2
           8     1.0000    1.0000    1.0000         3
           9     1.0000    1.0000    1.0000         3
          10     1.0000    1.0000    1.0000         2
          11     1.0000    1.0000    1.0000         2
          12     1.0000    1.0000    1.0000         2
          13     1.0000    1.0000    1.0000         2
          14     0.6667    0.6667    0.6667         3
          15     1.0000    1.0000    1.0000         2
          16     1.0000    1.0000    1.0000         2
          17     1.0000    0.6667    0.8000         3
          18     1.0000    1.0000    1.0000         2
          19     1.0000    1.0000    1.0000         2
          20     1.0000    1.0000    1.0000         2
          21     1.0000    1.0000    1.0000         3
          22     1.0000    1.0000    1.0000         2
          23     1.0000    1.0000    1.0000         3
          24     1.0000    1.0000    1.0000         3
          25     1.0000    1.0000    1.0000         3
          26     1.0000    0.6667    0.8000         3
          27     0.6667    0.6667    0.6667         3
          28     1.0000    1.0000    1.0000         2
          29     1.0000    1.0000    1.0000         2
          30     1.0000    1.0000    1.0000         2
          31     1.0000    1.0000    1.0000         3
          32     1.0000    1.0000    1.0000         3
          33     1.0000    1.0000    1.0000         3
          34     0.6667    1.0000    0.8000         2
          35     0.7500    1.0000    0.8571         3

    accuracy                         0.9222        90
   macro avg     0.9421    0.9306    0.9242        90
weighted avg     0.9380    0.9222    0.9172        90
