              precision    recall  f1-score   support

           0     0.3333    0.5000    0.4000         2
           1     0.0000    0.0000    0.0000         3
           2     0.4000    1.0000    0.5714         2
           3     1.0000    1.0000    1.0000         3
           4     1.0000    1.0000    1.0000         3
           5     0.6667    0.6667    0.6667         3
           6     1.0000    1.0000    1.0000         3
           7     1.0000    1.0000    1.0000         3
           8     1.0000    1.0000    1.0000         3
           9     1.0000    0.6667    0.8000         3
          10     1.0000    1.0000    1.0000         2
          11     1.0000    0.5000    0.6667         2
          12     0.6667    0.6667    0.6667         3
          13     0.7500    1.0000    0.8571         3
          14     1.0000    0.3333    0.5000         3
          15     1.0000    1.0000    1.0000         2
          16     1.0000    1.0000    1.0000         3
          17     1.0000    1.0000    1.0000         3
          18     1.0000    0.5000    0.6667         2
          19     1.0000    1.0000    1.0000         3
          20     1.0000    0.6667    0.8000         3
          21     1.0000    0.5000    0.6667         2
          22     0.6667    1.0000    0.8000         2
          23     0.6667    1.0000    0.8000         2
          24     0.5000    1.0000    0.6667         2
          25     1.0000    1.0000    1.0000         2
          26     1.0000    1.0000    1.0000         2
          27     0.7500    1.0000    0.8571         3
          28     1.0000    1.0000    1.0000         2
          29     1.0000    1.0000    1.0000         2
          30     1.0000    1.0000    1.0000         2
          31     0.6667    1.0000    0.8000         2
          32     1.0000    1.0000    1.0000         3
          33     0.5000    0.5000    0.5000         2
          34     1.0000    1.0000    1.0000         3
          35     1.0000    0.5000    0.6667         2

    accuracy                         0.8333        90
   macro avg     0.8491    0.8333    0.8153        90
weighted avg     0.8552    0.8333    0.8206        90
