              precision    recall  f1-score   support

           0     1.0000    0.6667    0.8000         3
           1     1.0000    1.0000    1.0000         2
           2     1.0000    1.0000    1.0000         2
           3     0.6667    1.0000    0.8000         2
           4     1.0000    0.6667    0.8000         3
           5     0.7500    1.0000    0.8571         3
           6     1.0000    1.0000    1.0000         3
           7     1.0000    1.0000    1.0000         3
           8     1.0000    0.5000    0.6667         2
           9     0.6667    1.0000    0.8000         2
          10     1.0000    1.0000    1.0000         3
          11     1.0000    1.0000    1.0000         3
          12     0.7500    1.0000    0.8571         3
          13     1.0000    1.0000    1.0000         3
          14     1.0000    0.5000    0.6667         2
          15     0.7500    1.0000    0.8571         3
          16     1.0000    1.0000    1.0000         2
          17     1.0000    1.0000    1.0000         3
          18     1.0000    1.0000    1.0000         3
          19     1.0000    0.5000    0.6667         2
          20     1.0000    1.0000    1.0000         2
          21     1.0000    1.0000    1.0000         3
          22     1.0000    0.6667    0.8000         3
          23     0.6667    1.0000    0.8000         2
          24     1.0000    0.6667    0.8000         3
          25     0.6667    1.0000    0.8000         2
          26     0.6667    1.0000    0.8000         2
          27     1.0000    1.0000    1.0000         2
          28     1.0000    1.0000    1.0000         2
          29     1.0000    0.5000    0.6667         2
          30     0.6667    1.0000    0.8000         2
          31     1.0000    0.6667    0.8000         3
          32     1.0000    1.0000    1.0000         3
          33     1.0000    0.6667    0.8000         3
          34     0.6667    1.0000    0.8000         2
          35     1.0000    1.0000    1.0000         2

    accuracy                         0.8889        90
   macro avg     0.9144    0.8889    0.8788        90
weighted avg     0.9231    0.8889    0.8850        90
