              precision    recall  f1-score   support

           0     1.0000    1.0000    1.0000         3
           1     1.0000    0.6667    0.8000         3
           2     0.6667    1.0000    0.8000         2
           3     1.0000    1.0000    1.0000         3
           4     1.0000    1.0000    1.0000         2
           5     1.0000    1.0000    1.0000         3
           6     1.0000    1.0000    1.0000         3
           7     1.0000    0.6667    0.8000         3
           8     1.0000    0.3333    0.5000         3
           9     1.0000    1.0000    1.0000         2
          10     1.0000    1.0000    1.0000         3
          11     1.0000    1.0000    1.0000         3
          12     1.0000    1.0000    1.0000         2
          13     1.0000    0.6667    0.8000         3
          14     1.0000    1.0000    1.0000         2
          15     1.0000    1.0000    1.0000         3
          16     1.0000    1.0000    1.0000         2
          17     1.0000    1.0000    1.0000         3
          18     1.0000    1.0000    1.0000         2
          19     1.0000    0.5000    0.6667         2
          20     0.5000    1.0000    0.6667         2
          21     0.6667    0.6667    0.6667         3
          22     1.0000    0.5000    0.6667         2
          23     1.0000    1.0000    1.0000         3
          24     0.5000    0.5000    0.5000         2
          25     0.5000    0.5000    0.5000         2
          26     1.0000    1.0000    1.0000         2
          27     1.0000    1.0000    1.0000         2
          28     1.0000    1.0000    1.0000         2
          29     1.0000    0.5000    0.6667         2
          30     0.5000    1.0000    0.6667         3
          31     1.0000    1.0000    1.0000         3
          32     0.6667    1.0000    0.8000         2
          33     1.0000    0.5000    0.6667         2
          34     0.7500    1.0000    0.8571         3
          35     0.7500    1.0000    0.8571         3

    accuracy                         0.8667        90
   macro avg     0.9028    0.8611    0.8578        90
weighted avg     0.9074    0.8667    0.8634        90
