              precision    recall  f1-score   support

           0     1.0000    0.6667    0.8000         3
           1     1.0000    1.0000    1.0000         2
           2     1.0000    0.6667    0.8000         3
           3     0.2500    0.3333    0.2857         3
           4     0.7500    1.0000    0.8571         3
           5     1.0000    0.6667    0.8000         3
           6     1.0000    1.0000    1.0000         2
           7     0.7500    1.0000    0.8571         3
           8     0.6667    1.0000    0.8000         2
           9     1.0000    0.5000    0.6667         2
          10     0.0000    0.0000    0.0000         2
          11     1.0000    1.0000    1.0000         2
          12     1.0000    0.3333    0.5000         3
          13     1.0000    1.0000    1.0000         2
          14     1.0000    0.6667    0.8000         3
          15     1.0000    0.6667    0.8000         3
          16     1.0000    0.5000    0.6667         2
          17     0.6667    0.6667    0.6667         3
          18     1.0000    0.5000    0.6667         2
          19     1.0000    1.0000    1.0000         2
          20     1.0000    1.0000    1.0000         2
          21     1.0000    1.0000    1.0000         2
          22     1.0000    1.0000    1.0000         2
          23     1.0000    1.0000    1.0000         3
          24     1.0000    0.6667    0.8000         3
          25     0.7500    1.0000    0.8571         3
          26     1.0000    1.0000    1.0000         2
          27     0.3333    0.3333    0.3333         3
          28     0.7500    1.0000    0.8571         3
          29     0.5000    1.0000    0.6667         2
          30     0.6667    1.0000    0.8000         2
          31     1.0000    1.0000    1.0000         3
          32     0.4000    0.6667    0.5000         3
          33     0.3333    0.5000    0.4000         2
          34     1.0000    1.0000    1.0000         2
          35     1.0000    1.0000    1.0000         3

    accuracy                         0.7778        90
   macro avg     0.8282    0.7870    0.7828        90
weighted avg     0.8254    0.7778    0.7764        90
