              precision    recall  f1-score   support

           0     0.6667    1.0000    0.8000         2
           1     0.6667    0.6667    0.6667         3
           2     0.6667    0.6667    0.6667         3
           3     1.0000    1.0000    1.0000         2
           4     0.5000    0.6667    0.5714         3
           5     1.0000    0.6667    0.8000         3
           6     1.0000    1.0000    1.0000         3
           7     1.0000    1.0000    1.0000         2
           8     0.6667    1.0000    0.8000         2
           9     1.0000    1.0000    1.0000         2
          10     1.0000    0.6667    0.8000         3
          11     0.6667    1.0000    0.8000         2
          12     0.6000    1.0000    0.7500         3
          13     1.0000    1.0000    1.0000         2
          14     0.0000    0.0000    0.0000         2
          15     1.0000    1.0000    1.0000         3
          16     1.0000    0.5000    0.6667         2
          17     1.0000    1.0000    1.0000         3
          18     1.0000    1.0000    1.0000         2
          19     1.0000    0.5000    0.6667         2
          20     1.0000    0.6667    0.8000         3
          21     1.0000    1.0000    1.0000         2
          22     1.0000    1.0000    1.0000         2
          23     1.0000    1.0000    1.0000         3
          24     1.0000    1.0000    1.0000         3
          25     1.0000    0.5000    0.6667         2
          26     1.0000    1.0000    1.0000         3
          27     1.0000    1.0000    1.0000         2
          28     0.6667    1.0000    0.8000         2
          29     1.0000    1.0000    1.0000         2
          30     0.6667    0.6667    0.6667         3
          31     0.6667    1.0000    0.8000         2
          32     1.0000    1.0000    1.0000         3
          33     0.6667    0.6667    0.6667         3
          34     1.0000    1.0000    1.0000         3
          35     1.0000    1.0000    1.0000         3

    accuracy                         0.8556        90
   macro avg     0.8639    0.8565    0.8441        90
weighted avg     0.8663    0.8556    0.8463        90
