              precision    recall  f1-score   support

           0     1.0000    1.0000    1.0000         3
           1     1.0000    1.0000    1.0000         2
           2     1.0000    1.0000    1.0000         2
           3     1.0000    0.6667    0.8000         3
           4     1.0000    1.0000    1.0000         3
           5     0.7500    1.0000    0.8571         3
           6     1.0000    1.0000    1.0000         2
           7     1.0000    1.0000    1.0000         3
           8     1.0000    1.0000    1.0000         2
           9     0.7500    1.0000    0.8571         3
          10     1.0000    1.0000    1.0000         2
          11     1.0000    1.0000    1.0000         2
          12     1.0000    1.0000    1.0000         2
          13     1.0000    1.0000    1.0000         3
          14     0.6667    1.0000    0.8000         2
          15     1.0000    0.6667    0.8000         3
          16     0.6667    1.0000    0.8000         2
          17     1.0000    0.6667    0.8000         3
          18     1.0000    1.0000    1.0000         3
          19     1.0000    1.0000    1.0000         3
          20     1.0000    1.0000    1.0000         3
          21     1.0000    1.0000    1.0000         2
          22     1.0000    1.0000    1.0000         2
          23     1.0000    1.0000    1.0000         3
          24     1.0000    0.6667    0.8000         3
          25     1.0000    1.0000    1.0000         3
          26     1.0000    1.0000    1.0000         3
          27     1.0000    1.0000    1.0000         2
          28     1.0000    1.0000    1.0000         2
          29     1.0000    0.5000    0.6667         2
          30     0.6667    1.0000    0.8000         2
          31     1.0000    1.0000    1.0000         3
          32     1.0000    1.0000    1.0000         2
          33     1.0000    0.6667    0.8000         3
          34     1.0000    1.0000    1.0000         2
          35     0.6667    1.0000    0.8000         2

    accuracy                         0.9333        90
   macro avg     0.9491    0.9398    0.9328        90
weighted avg     0.9537    0.9333    0.9320        90
