              precision    recall  f1-score   support

           0     0.0000    0.0000    0.0000         3
           1     0.6667    1.0000    0.8000         2
           2     0.6667    0.6667    0.6667         3
           3     1.0000    1.0000    1.0000         2
           4     1.0000    1.0000    1.0000         3
           5     0.7500    1.0000    0.8571         3
           6     1.0000    1.0000    1.0000         3
           7     1.0000    1.0000    1.0000         3
           8     1.0000    0.6667    0.8000         3
           9     0.5000    1.0000    0.6667         2
          10     1.0000    1.0000    1.0000         2
          11     1.0000    1.0000    1.0000         2
          12     1.0000    1.0000    1.0000         2
          13     1.0000    1.0000    1.0000         3
          14     1.0000    0.5000    0.6667         2
          15     1.0000    1.0000    1.0000         2
          16     1.0000    1.0000    1.0000         3
          17     1.0000    1.0000    1.0000         3
          18     0.7500    1.0000    0.8571         3
          19     1.0000    1.0000    1.0000         3
          20     1.0000    0.5000    0.6667         2
          21     0.7500    1.0000    0.8571         3
          22     1.0000    1.0000    1.0000         3
          23     1.0000    1.0000    1.0000         2
          24     1.0000    1.0000    1.0000         3
          25     1.0000    1.0000    1.0000         3
          26     1.0000    0.5000    0.6667         2
          27     0.7500    1.0000    0.8571         3
          28     1.0000    1.0000    1.0000         2
          29     1.0000    1.0000    1.0000         2
          30     1.0000    1.0000    1.0000         2
          31     1.0000    1.0000    1.0000         2
          32     0.7500    1.0000    0.8571         3
          33     1.0000    1.0000    1.0000         2
          34     1.0000    1.0000    1.0000         2
          35     1.0000    0.5000    0.6667         2

    accuracy                         0.9000        90
   macro avg     0.9051    0.8981    0.8857        90
weighted avg     0.8954    0.9000    0.8836        90
