              precision    recall  f1-score   support

           0     1.0000    1.0000    1.0000         2
           1     1.0000    1.0000    1.0000         3
           2     1.0000    1.0000    1.0000         3
           3     0.5000    0.6667    0.5714         3
           4     0.5000    0.3333    0.4000         3
           5     1.0000    1.0000    1.0000         3
           6     0.6667    1.0000    0.8000         2
           7     1.0000    1.0000    1.0000         3
           8     1.0000    1.0000    1.0000         3
           9     1.0000    1.0000    1.0000         3
          10     1.0000    1.0000    1.0000         3
          11     0.6667    1.0000    0.8000         2
          12     1.0000    1.0000    1.0000         3
          13     1.0000    1.0000    1.0000         3
          14     0.5000    0.5000    0.5000         2
          15     1.0000    1.0000    1.0000         2
          16     1.0000    1.0000    1.0000         2
          17     1.0000    1.0000    1.0000         2
          18     1.0000    0.6667    0.8000         3
          19     1.0000    1.0000    1.0000         2
          20     1.0000    1.0000    1.0000         2
          21     1.0000    1.0000    1.0000         2
          22     1.0000    1.0000    1.0000         3
          23     1.0000    1.0000    1.0000         2
          24     0.6667    1.0000    0.8000         2
          25     1.0000    1.0000    1.0000         3
          26     1.0000    1.0000    1.0000         2
          27     0.7500    1.0000    0.8571         3
          28     1.0000    1.0000    1.0000         3
          29     1.0000    0.5000    0.6667         2
          30     1.0000    0.6667    0.8000         3
          31     1.0000    0.5000    0.6667         2
          32     1.0000    1.0000    1.0000         2
          33     0.6667    1.0000    0.8000         2
          34     0.6667    0.6667    0.6667         3
          35     1.0000    0.5000    0.6667         2

    accuracy                         0.8889        90
   macro avg     0.9051    0.8889    0.8832        90
weighted avg     0.9065    0.8889    0.8854        90
