              precision    recall  f1-score   support

           0     0.6667    0.6667    0.6667         3
           1     1.0000    0.5000    0.6667         2
           2     1.0000    1.0000    1.0000         2
           3     1.0000    0.6667    0.8000         3
           4     1.0000    1.0000    1.0000         2
           5     1.0000    1.0000    1.0000         2
           6     1.0000    1.0000    1.0000         2
           7     1.0000    0.3333    0.5000         3
           8     0.5000    1.0000    0.6667         3
           9     1.0000    1.0000    1.0000         3
          10     0.5000    0.5000    0.5000         2
          11     1.0000    1.0000    1.0000         3
          12     1.0000    1.0000    1.0000         3
          13     1.0000    1.0000    1.0000         2
          14     1.0000    0.5000    0.6667         2
          15     0.6667    1.0000    0.8000         2
          16     1.0000    0.5000    0.6667         2
          17     1.0000    0.6667    0.8000         3
          18     1.0000    0.6667    0.8000         3
          19     1.0000    1.0000    1.0000         3
          20     1.0000    0.6667    0.8000         3
          21     1.0000    1.0000    1.0000         2
          22     0.5000    1.0000    0.6667         2
          23     1.0000    0.6667    0.8000         3
          24     0.0000    0.0000    0.0000         2
          25     0.5000    0.5000    0.5000         2
          26     0.6667    1.0000    0.8000         2
          27     0.7500    1.0000    0.8571         3
          28     0.6667    1.0000    0.8000         2
          29     0.6667    1.0000    0.8000         2
          30     1.0000    0.6667    0.8000         3
          31     1.0000    1.0000    1.0000         3
          32     0.7500    1.0000    0.8571         3
          33     0.6667    0.6667    0.6667         3
          34     0.6667    1.0000    0.8000         2
          35     0.7500    1.0000    0.8571         3

    accuracy                         0.8111        90
   macro avg     0.8310    0.8102    0.7927        90
weighted avg     0.8435    0.8111    0.7994        90
