              precision    recall  f1-score   support

           0     1.0000    1.0000    1.0000         2
           1     1.0000    1.0000    1.0000         2
           2     1.0000    1.0000    1.0000         2
           3     1.0000    1.0000    1.0000         2
           4     0.5000    1.0000    0.6667         2
           5     1.0000    0.5000    0.6667         2
           6     0.7500    1.0000    0.8571         3
           7     1.0000    0.5000    0.6667         2
           8     1.0000    1.0000    1.0000         3
           9     1.0000    1.0000    1.0000         2
          10     1.0000    1.0000    1.0000         2
          11     1.0000    1.0000    1.0000         2
          12     1.0000    1.0000    1.0000         2
          13     1.0000    1.0000    1.0000         2
          14     1.0000    0.6667    0.8000         3
          15     1.0000    1.0000    1.0000         3
          16     1.0000    1.0000    1.0000         2
          17     1.0000    1.0000    1.0000         3
          18     1.0000    1.0000    1.0000         2
          19     1.0000    1.0000    1.0000         3
          20     0.7500    1.0000    0.8571         3
          21     1.0000    0.6667    0.8000         3
          22     1.0000    1.0000    1.0000         3
          23     1.0000    1.0000    1.0000         3
          24     1.0000    1.0000    1.0000         2
          25     1.0000    1.0000    1.0000         3
          26     1.0000    1.0000    1.0000         3
          27     1.0000    1.0000    1.0000         3
          28     1.0000    1.0000    1.0000         2
          29     1.0000    1.0000    1.0000         2
          30     1.0000    1.0000    1.0000         3
          31     1.0000    1.0000    1.0000         3
          32     1.0000    1.0000    1.0000         3
          33     1.0000    1.0000    1.0000         2
          34     1.0000    1.0000    1.0000         3
          35     1.0000    1.0000    1.0000         3

    accuracy                         0.9556        90
   macro avg     0.9722    0.9537    0.9532        90
weighted avg     0.9722    0.9556    0.9549        90
