              precision    recall  f1-score   support

           0     0.7500    1.0000    0.8571         3
           1     1.0000    1.0000    1.0000         2
           2     0.6667    1.0000    0.8000         2
           3     1.0000    1.0000    1.0000         3
           4     1.0000    1.0000    1.0000         2
           5     1.0000    1.0000    1.0000         2
           6     1.0000    1.0000    1.0000         3
           7     0.7500    1.0000    0.8571         3
           8     0.7500    1.0000    0.8571         3
           9     1.0000    1.0000    1.0000         3
          10     1.0000    1.0000    1.0000         3
          11     1.0000    1.0000    1.0000         3
          12     1.0000    1.0000    1.0000         3
          13     1.0000    1.0000    1.0000         2
          14     0.6667    1.0000    0.8000         2
          15     1.0000    1.0000    1.0000         2
          16     0.0000    0.0000    0.0000         2
          17     0.6667    1.0000    0.8000         2
          18     0.5000    0.3333    0.4000         3
          19     1.0000    1.0000    1.0000         3
          20     1.0000    1.0000    1.0000         2
          21     1.0000    1.0000    1.0000         2
          22     0.6667    1.0000    0.8000         2
          23     0.6667    0.6667    0.6667         3
          24     1.0000    1.0000    1.0000         2
          25     1.0000    1.0000    1.0000         2
          26     1.0000    0.5000    0.6667         2
          27     0.6667    1.0000    0.8000         2
          28     1.0000    1.0000    1.0000         3
          29     1.0000    1.0000    1.0000         2
          30     1.0000    0.3333    0.5000         3
          31     1.0000    0.6667    0.8000         3
          32     1.0000    1.0000    1.0000         3
          33     1.0000    1.0000    1.0000         3
          34     0.6667    0.6667    0.6667         3
          35     1.0000    0.5000    0.6667         2

    accuracy                         0.8778        90
   macro avg     0.8727    0.8796    0.8594        90
weighted avg     0.8769    0.8778    0.8609        90
