              precision    recall  f1-score   support

           0     1.0000    1.0000    1.0000         3
           1     1.0000    1.0000    1.0000         3
           2     1.0000    1.0000    1.0000         3
           3     1.0000    1.0000    1.0000         2
           4     1.0000    1.0000    1.0000         3
           5     1.0000    1.0000    1.0000         2
           6     1.0000    0.5000    0.6667         2
           7     0.7500    1.0000    0.8571         3
           8     1.0000    1.0000    1.0000         2
           9     1.0000    1.0000    1.0000         2
          10     1.0000    1.0000    1.0000         2
          11     1.0000    1.0000    1.0000         2
          12     1.0000    1.0000    1.0000         3
          13     1.0000    0.5000    0.6667         2
          14     1.0000    1.0000    1.0000         2
          15     1.0000    1.0000    1.0000         3
          16     1.0000    1.0000    1.0000         3
          17     1.0000    1.0000    1.0000         3
          18     1.0000    1.0000    1.0000         2
          19     1.0000    1.0000    1.0000         3
          20     0.7500    1.0000    0.8571         3
          21     1.0000    0.5000    0.6667         2
          22     1.0000    1.0000    1.0000         3
          23     0.6667    1.0000    0.8000         2
          24     1.0000    1.0000    1.0000         3
          25     1.0000    1.0000    1.0000         3
          26     1.0000    1.0000    1.0000         3
          27     1.0000    1.0000    1.0000         2
          28     0.7500    1.0000    0.8571         3
          29     1.0000    1.0000    1.0000         2
          30     1.0000    1.0000    1.0000         2
          31     1.0000    0.6667    0.8000         3
          32     1.0000    1.0000    1.0000         3
          33     0.6667    1.0000    0.8000         2
          34     1.0000    1.0000    1.0000         2
          35     1.0000    0.5000    0.6667         2

    accuracy                         0.9444        90
   macro avg     0.9606    0.9352    0.9344        90
weighted avg     0.9602    0.9444    0.9405        90
