              precision    recall  f1-score   support

           0     0.7500    1.0000    0.8571         3
           1     0.7500    1.0000    0.8571         3
           2     1.0000    1.0000    1.0000         3
           3     1.0000    1.0000    1.0000         3
           4     0.6000    1.0000    0.7500         3
           5     1.0000    0.5000    0.6667         2
           6     1.0000    1.0000    1.0000         2
           7     0.7500    1.0000    0.8571         3
           8     1.0000    0.5000    0.6667         2
           9     1.0000    0.5000    0.6667         2
          10     1.0000    1.0000    1.0000         2
          11     1.0000    1.0000    1.0000         3
          12     1.0000    0.5000    0.6667         2
          13     1.0000    1.0000    1.0000         3
          14     1.0000    1.0000    1.0000         2
          15     1.0000    1.0000    1.0000         2
          16     1.0000    1.0000    1.0000         3
          17     1.0000    1.0000    1.0000         3
          18     1.0000    1.0000    1.0000         3
          19     1.0000    0.5000    0.6667         2
          20     1.0000    0.5000    0.6667         2
          21     1.0000    0.6667    0.8000         3
          22     1.0000    1.0000    1.0000         3
          23     1.0000    1.0000    1.0000         2
          24     1.0000    1.0000    1.0000         2
          25     0.6000    1.0000    0.7500         3
          26     1.0000    1.0000    1.0000         3
          27     0.6667    1.0000    0.8000         2
          28     1.0000    1.0000    1.0000         2
          29     1.0000    0.6667    0.8000         3
          30     0.6667    1.0000    0.8000         2
          31     1.0000    1.0000    1.0000         3
          32     1.0000    0.6667    0.8000         3
          33     0.6667    1.0000    0.8000         2
          34     1.0000    1.0000    1.0000         2
          35     1.0000    0.5000    0.6667         2

    accuracy                         0.8889        90
   macro avg     0.9292    0.8750    0.8761        90
weighted avg     0.9261    0.8889    0.8839        90
