              precision    recall  f1-score   support

           0     0.6667    1.0000    0.8000         2
           1     1.0000    1.0000    1.0000         2
           2     0.6000    1.0000    0.7500         3
           3     1.0000    1.0000    1.0000         2
           4     0.0000    0.0000    0.0000         2
           5     0.6667    0.6667    0.6667         3
           6     0.0000    0.0000    0.0000         3
           7     0.3333    0.6667    0.4444         3
           8     1.0000    0.3333    0.5000         3
           9     0.6667    0.6667    0.6667         3
          10     1.0000    1.0000    1.0000         3
          11     0.7500    1.0000    0.8571         3
          12     0.0000    0.0000    0.0000         3
          13     0.6667    0.6667    0.6667         3
          14     1.0000    0.5000    0.6667         2
          15     0.6667    1.0000    0.8000         2
          16     0.5000    0.5000    0.5000         2
          17     0.5000    0.6667    0.5714         3
          18     0.7500    1.0000    0.8571         3
          19     0.3333    0.3333    0.3333         3
          20     0.0000    0.0000    0.0000         2
          21     1.0000    1.0000    1.0000         2
          22     0.0000    0.0000    0.0000         3
          23     0.5000    0.3333    0.4000         3
          24     0.5000    0.5000    0.5000         2
          25     0.5000    0.5000    0.5000         2
          26     1.0000    0.6667    0.8000         3
          27     1.0000    0.5000    0.6667         2
          28     0.6667    1.0000    0.8000         2
          29     0.3333    0.3333    0.3333         3
          30     0.3333    0.5000    0.4000         2
          31     0.7500    1.0000    0.8571         3
          32     0.5000    0.5000    0.5000         2
          33     0.5000    0.5000    0.5000         2
          34     0.5000    1.0000    0.6667         2
          35     1.0000    0.5000    0.6667         2

    accuracy                         0.6000        90
   macro avg     0.5884    0.6065    0.5742        90
weighted avg     0.5802    0.6000    0.5672        90
