              precision    recall  f1-score   support

           0     1.0000    1.0000    1.0000         2
           1     1.0000    1.0000    1.0000         2
           2     1.0000    1.0000    1.0000         2
           3     1.0000    1.0000    1.0000         2
           4     0.6667    1.0000    0.8000         2
           5     1.0000    0.5000    0.6667         2
           6     1.0000    1.0000    1.0000         3
           7     0.7500    1.0000    0.8571         3
           8     1.0000    0.6667    0.8000         3
           9     1.0000    1.0000    1.0000         3
          10     1.0000    0.5000    0.6667         2
          11     0.6667    1.0000    0.8000         2
          12     1.0000    1.0000    1.0000         2
          13     0.6667    1.0000    0.8000         2
          14     1.0000    0.6667    0.8000         3
          15     1.0000    1.0000    1.0000         3
          16     1.0000    1.0000    1.0000         2
          17     1.0000    1.0000    1.0000         3
          18     1.0000    1.0000    1.0000         3
          19     1.0000    1.0000    1.0000         3
          20     0.6667    1.0000    0.8000         2
          21     1.0000    0.6667    0.8000         3
          22     1.0000    1.0000    1.0000         2
          23     1.0000    1.0000    1.0000         3
          24     1.0000    1.0000    1.0000         2
          25     1.0000    1.0000    1.0000         3
          26     1.0000    1.0000    1.0000         2
          27     1.0000    1.0000    1.0000         3
          28     0.6667    1.0000    0.8000         2
          29     1.0000    1.0000    1.0000         3
          30     0.7500    1.0000    0.8571         3
          31     1.0000    0.5000    0.6667         2
          32     1.0000    1.0000    1.0000         3
          33     1.0000    1.0000    1.0000         3
          34     1.0000    0.6667    0.8000         3
          35     1.0000    1.0000    1.0000         2

    accuracy                         0.9222        90
   macro avg     0.9398    0.9213    0.9143        90
weighted avg     0.9463    0.9222    0.9194        90
