              precision    recall  f1-score   support

           0     0.6667    1.0000    0.8000         2
           1     1.0000    1.0000    1.0000         2
           2     1.0000    1.0000    1.0000         2
           3     1.0000    1.0000    1.0000         2
           4     1.0000    1.0000    1.0000         3
           5     1.0000    1.0000    1.0000         2
           6     1.0000    1.0000    1.0000         3
           7     1.0000    1.0000    1.0000         3
           8     0.7500    1.0000    0.8571         3
           9     1.0000    0.6667    0.8000         3
          10     1.0000    1.0000    1.0000         3
          11     1.0000    1.0000    1.0000         2
          12     1.0000    0.5000    0.6667         2
          13     1.0000    1.0000    1.0000         2
          14     1.0000    1.0000    1.0000         3
          15     1.0000    1.0000    1.0000         2
          16     1.0000    1.0000    1.0000         2
          17     0.7500    1.0000    0.8571         3
          18     1.0000    1.0000    1.0000         2
          19     1.0000    1.0000    1.0000         2
          20     1.0000    1.0000    1.0000         3
          21     1.0000    0.5000    0.6667         2
          22     0.6667    0.6667    0.6667         3
          23     0.6667    0.6667    0.6667         3
          24     1.0000    1.0000    1.0000         3
          25     1.0000    1.0000    1.0000         3
          26     1.0000    0.5000    0.6667         2
          27     1.0000    1.0000    1.0000         2
          28     1.0000    1.0000    1.0000         3
          29     1.0000    1.0000    1.0000         2
          30     1.0000    0.5000    0.6667         2
          31     1.0000    1.0000    1.0000         3
          32     1.0000    1.0000    1.0000         2
          33     0.6000    1.0000    0.7500         3
          34     1.0000    1.0000    1.0000         3
          35     1.0000    1.0000    1.0000         3

    accuracy                         0.9222        90
   macro avg     0.9472    0.9167    0.9185        90
weighted avg     0.9404    0.9222    0.9192        90
