              precision    recall  f1-score   support

           0     1.0000    0.6667    0.8000         3
           1     1.0000    1.0000    1.0000         2
           2     1.0000    1.0000    1.0000         3
           3     1.0000    1.0000    1.0000         2
           4     1.0000    1.0000    1.0000         2
           5     1.0000    1.0000    1.0000         2
           6     0.6667    0.6667    0.6667         3
           7     1.0000    0.3333    0.5000         3
           8     1.0000    1.0000    1.0000         2
           9     0.6667    1.0000    0.8000         2
          10     1.0000    1.0000    1.0000         3
          11     1.0000    1.0000    1.0000         3
          12     0.6667    0.6667    0.6667         3
          13     1.0000    1.0000    1.0000         3
          14     0.6667    1.0000    0.8000         2
          15     1.0000    0.6667    0.8000         3
          16     0.6667    1.0000    0.8000         2
          17     1.0000    1.0000    1.0000         2
          18     0.6000    1.0000    0.7500         3
          19     1.0000    0.6667    0.8000         3
          20     1.0000    1.0000    1.0000         2
          21     1.0000    1.0000    1.0000         3
          22     1.0000    0.6667    0.8000         3
          23     0.6667    1.0000    0.8000         2
          24     1.0000    1.0000    1.0000         2
          25     0.5000    0.5000    0.5000         2
          26     1.0000    1.0000    1.0000         2
          27     1.0000    0.6667    0.8000         3
          28     1.0000    1.0000    1.0000         3
          29     0.6667    1.0000    0.8000         2
          30     1.0000    0.3333    0.5000         3
          31     1.0000    1.0000    1.0000         2
          32     1.0000    1.0000    1.0000         2
          33     0.6667    0.6667    0.6667         3
          34     0.4000    0.6667    0.5000         3
          35     1.0000    1.0000    1.0000         2

    accuracy                         0.8444        90
   macro avg     0.8843    0.8657    0.8542        90
weighted avg     0.8852    0.8444    0.8417        90
