              precision    recall  f1-score   support

           0     0.5000    1.0000    0.6667         2
           1     0.7500    1.0000    0.8571         3
           2     1.0000    0.6667    0.8000         3
           3     0.6667    0.6667    0.6667         3
           4     1.0000    1.0000    1.0000         3
           5     0.6667    0.6667    0.6667         3
           6     1.0000    1.0000    1.0000         2
           7     0.6667    1.0000    0.8000         2
           8     0.6667    1.0000    0.8000         2
           9     1.0000    0.6667    0.8000         3
          10     1.0000    0.6667    0.8000         3
          11     1.0000    1.0000    1.0000         3
          12     1.0000    0.3333    0.5000         3
          13     0.6667    1.0000    0.8000         2
          14     1.0000    1.0000    1.0000         2
          15     0.5000    0.5000    0.5000         2
          16     0.2500    0.5000    0.3333         2
          17     0.6667    0.6667    0.6667         3
          18     1.0000    1.0000    1.0000         3
          19     1.0000    1.0000    1.0000         2
          20     0.7500    1.0000    0.8571         3
          21     0.5000    0.5000    0.5000         2
          22     1.0000    1.0000    1.0000         3
          23     1.0000    0.5000    0.6667         2
          24     1.0000    0.5000    0.6667         2
          25     0.0000    0.0000    0.0000         2
          26     0.7500    1.0000    0.8571         3
          27     1.0000    0.6667    0.8000         3
          28     1.0000    0.6667    0.8000         3
          29     1.0000    1.0000    1.0000         2
          30     0.0000    0.0000    0.0000         2
          31     0.6000    1.0000    0.7500         3
          32     0.0000    0.0000    0.0000         2
          33     1.0000    1.0000    1.0000         2
          34     1.0000    1.0000    1.0000         3
          35     1.0000    0.5000    0.6667         2

    accuracy                         0.7556        90
   macro avg     0.7667    0.7407    0.7284        90
weighted avg     0.7894    0.7556    0.7474        90
