              precision    recall  f1-score   support

           0     1.0000    1.0000    1.0000         2
           1     1.0000    0.6667    0.8000         3
           2     0.5000    0.5000    0.5000         2
           3     0.6667    0.6667    0.6667         3
           4     0.6667    1.0000    0.8000         2
           5     1.0000    0.6667    0.8000         3
           6     1.0000    0.5000    0.6667         2
           7     0.6667    1.0000    0.8000         2
           8     0.6667    1.0000    0.8000         2
           9     1.0000    1.0000    1.0000         2
          10     1.0000    0.5000    0.6667         2
          11     0.0000    0.0000    0.0000         3
          12     0.5000    0.5000    0.5000         2
          13     1.0000    1.0000    1.0000         2
          14     0.7500    1.0000    0.8571         3
          15     1.0000    1.0000    1.0000         2
          16     1.0000    0.6667    0.8000         3
          17     1.0000    1.0000    1.0000         3
          18     0.6667    0.6667    0.6667         3
          19     1.0000    0.6667    0.8000         3
          20     0.6667    0.6667    0.6667         3
          21     1.0000    0.6667    0.8000         3
          22     0.6667    1.0000    0.8000         2
          23     1.0000    1.0000    1.0000         2
          24     1.0000    1.0000    1.0000         2
          25     1.0000    1.0000    1.0000         3
          26     0.6000    1.0000    0.7500         3
          27     1.0000    1.0000    1.0000         3
          28     1.0000    1.0000    1.0000         2
          29     1.0000    0.6667    0.8000         3
          30     0.6667    0.6667    0.6667         3
          31     0.5000    0.5000    0.5000         2
          32     0.5000    1.0000    0.6667         3
          33     1.0000    0.6667    0.8000         3
          34     0.6667    1.0000    0.8000         2
          35     1.0000    1.0000    1.0000         2

    accuracy                         0.7889        90
   macro avg     0.8153    0.8009    0.7882        90
weighted avg     0.8135    0.7889    0.7810        90
