              precision    recall  f1-score   support

           0     0.6667    1.0000    0.8000         2
           1     1.0000    0.6667    0.8000         3
           2     0.7500    1.0000    0.8571         3
           3     1.0000    1.0000    1.0000         3
           4     0.5000    1.0000    0.6667         2
           5     1.0000    1.0000    1.0000         2
           6     1.0000    0.5000    0.6667         2
           7     0.6000    1.0000    0.7500         3
           8     1.0000    0.6667    0.8000         3
           9     1.0000    0.6667    0.8000         3
          10     0.6667    1.0000    0.8000         2
          11     1.0000    1.0000    1.0000         2
          12     1.0000    0.5000    0.6667         2
          13     1.0000    1.0000    1.0000         2
          14     1.0000    0.6667    0.8000         3
          15     1.0000    1.0000    1.0000         3
          16     1.0000    1.0000    1.0000         2
          17     1.0000    1.0000    1.0000         3
          18     0.6667    1.0000    0.8000         2
          19     1.0000    0.6667    0.8000         3
          20     0.5000    1.0000    0.6667         2
          21     1.0000    0.5000    0.6667         2
          22     1.0000    0.5000    0.6667         2
          23     0.6667    1.0000    0.8000         2
          24     1.0000    1.0000    1.0000         2
          25     1.0000    1.0000    1.0000         3
          26     1.0000    1.0000    1.0000         3
          27     1.0000    1.0000    1.0000         2
          28     1.0000    0.6667    0.8000         3
          29     1.0000    1.0000    1.0000         3
          30     1.0000    0.6667    0.8000         3
          31     1.0000    1.0000    1.0000         2
          32     1.0000    1.0000    1.0000         3
          33     1.0000    1.0000    1.0000         3
          34     1.0000    1.0000    1.0000         2
          35     1.0000    1.0000    1.0000         3

    accuracy                         0.8778        90
   macro avg     0.9171    0.8796    0.8724        90
weighted avg     0.9265    0.8778    0.8780        90
