              precision    recall  f1-score   support

           0     0.6667    0.6667    0.6667         3
           1     1.0000    0.6667    0.8000         3
           2     1.0000    1.0000    1.0000         3
           3     1.0000    1.0000    1.0000         2
           4     1.0000    1.0000    1.0000         2
           5     1.0000    1.0000    1.0000         2
           6     1.0000    1.0000    1.0000         2
           7     1.0000    1.0000    1.0000         2
           8     1.0000    0.6667    0.8000         3
           9     1.0000    1.0000    1.0000         3
          10     1.0000    1.0000    1.0000         2
          11     1.0000    1.0000    1.0000         3
          12     1.0000    1.0000    1.0000         3
          13     1.0000    1.0000    1.0000         2
          14     1.0000    0.6667    0.8000         3
          15     1.0000    1.0000    1.0000         3
          16     1.0000    1.0000    1.0000         3
          17     1.0000    1.0000    1.0000         2
          18     1.0000    1.0000    1.0000         2
          19     1.0000    1.0000    1.0000         3
          20     1.0000    1.0000    1.0000         3
          21     1.0000    1.0000    1.0000         2
          22     1.0000    1.0000    1.0000         3
          23     1.0000    1.0000    1.0000         2
          24     0.6667    1.0000    0.8000         2
          25     1.0000    1.0000    1.0000         2
          26     0.7500    1.0000    0.8571         3
          27     1.0000    1.0000    1.0000         2
          28     1.0000    1.0000    1.0000         3
          29     1.0000    1.0000    1.0000         3
          30     0.6667    0.6667    0.6667         3
          31     1.0000    1.0000    1.0000         3
          32     0.5000    0.5000    0.5000         2
          33     1.0000    1.0000    1.0000         2
          34     0.6667    1.0000    0.8000         2
          35     1.0000    1.0000    1.0000         2

    accuracy                         0.9333        90
   macro avg     0.9421    0.9398    0.9358        90
weighted avg     0.9435    0.9333    0.9330        90
