              precision    recall  f1-score   support

           0     0.6667    1.0000    0.8000         2
           1     1.0000    1.0000    1.0000         2
           2     1.0000    1.0000    1.0000         3
           3     1.0000    0.5000    0.6667         2
           4     1.0000    1.0000    1.0000         3
           5     0.5000    1.0000    0.6667         2
           6     1.0000    0.3333    0.5000         3
           7     0.7500    1.0000    0.8571         3
           8     1.0000    1.0000    1.0000         2
           9     0.5000    0.5000    0.5000         2
          10     0.7500    1.0000    0.8571         3
          11     0.6667    0.6667    0.6667         3
          12     1.0000    0.6667    0.8000         3
          13     1.0000    0.6667    0.8000         3
          14     1.0000    1.0000    1.0000         2
          15     0.6667    1.0000    0.8000         2
          16     1.0000    1.0000    1.0000         3
          17     1.0000    1.0000    1.0000         2
          18     1.0000    1.0000    1.0000         2
          19     1.0000    1.0000    1.0000         2
          20     1.0000    1.0000    1.0000         3
          21     1.0000    1.0000    1.0000         2
          22     1.0000    0.5000    0.6667         2
          23     0.6667    0.6667    0.6667         3
          24     1.0000    1.0000    1.0000         3
          25     1.0000    1.0000    1.0000         3
          26     1.0000    1.0000    1.0000         3
          27     1.0000    1.0000    1.0000         3
          28     1.0000    0.5000    0.6667         2
          29     1.0000    0.5000    0.6667         2
          30     1.0000    1.0000    1.0000         3
          31     1.0000    1.0000    1.0000         3
          32     1.0000    0.6667    0.8000         3
          33     0.6667    1.0000    0.8000         2
          34     0.5000    1.0000    0.6667         2
          35     1.0000    1.0000    1.0000         2

    accuracy                         0.8667        90
   macro avg     0.8981    0.8657    0.8569        90
weighted avg     0.9056    0.8667    0.8627        90
