              precision    recall  f1-score   support

           0     0.3333    0.5000    0.4000         2
           1     0.6667    1.0000    0.8000         2
           2     1.0000    0.5000    0.6667         2
           3     1.0000    0.6667    0.8000         3
           4     0.6667    1.0000    0.8000         2
           5     1.0000    0.5000    0.6667         2
           6     1.0000    0.5000    0.6667         2
           7     1.0000    1.0000    1.0000         3
           8     1.0000    1.0000    1.0000         2
           9     0.3333    0.3333    0.3333         3
          10     0.6667    0.6667    0.6667         3
          11     1.0000    1.0000    1.0000         3
          12     1.0000    0.3333    0.5000         3
          13     0.6667    1.0000    0.8000         2
          14     1.0000    0.3333    0.5000         3
          15     1.0000    0.6667    0.8000         3
          16     0.7500    1.0000    0.8571         3
          17     0.7500    1.0000    0.8571         3
          18     1.0000    0.5000    0.6667         2
          19     0.6667    0.6667    0.6667         3
          20     1.0000    1.0000    1.0000         2
          21     1.0000    1.0000    1.0000         3
          22     0.7500    1.0000    0.8571         3
          23     1.0000    1.0000    1.0000         2
          24     1.0000    1.0000    1.0000         3
          25     1.0000    1.0000    1.0000         3
          26     1.0000    1.0000    1.0000         2
          27     0.7500    1.0000    0.8571         3
          28     0.3333    0.5000    0.4000         2
          29     1.0000    1.0000    1.0000         2
          30     1.0000    0.5000    0.6667         2
          31     1.0000    0.6667    0.8000         3
          32     0.6667    1.0000    0.8000         2
          33     0.6667    1.0000    0.8000         2
          34     1.0000    1.0000    1.0000         2
          35     0.7500    1.0000    0.8571         3

    accuracy                         0.8000        90
   macro avg     0.8449    0.8009    0.7913        90
weighted avg     0.8472    0.8000    0.7925        90
