              precision    recall  f1-score   support

           0     0.0000    0.0000    0.0000         2
           1     0.0000    0.0000    0.0000         2
           2     0.0000    0.0000    0.0000         3
           3     0.0000    0.0000    0.0000         3
           4     0.0000    0.0000    0.0000         3
           5     0.0000    0.0000    0.0000         2
           6     0.0000    0.0000    0.0000         2
           7     0.0000    0.0000    0.0000         3
           8     0.0000    0.0000    0.0000         3
           9     0.0000    0.0000    0.0000         2
          10     0.1333    1.0000    0.2353         2
          11     0.0000    0.0000    0.0000         3
          12     0.0000    0.0000    0.0000         2
          13     0.0000    0.0000    0.0000         3
          14     0.0000    0.0000    0.0000         3
          15     0.0000    0.0000    0.0000         3
          16     0.0000    0.0000    0.0000         3
          17     0.0000    0.0000    0.0000         3
          18     0.0000    0.0000    0.0000         3
          19     0.0000    0.0000    0.0000         2
          20     0.0000    0.0000    0.0000         3
          21     0.0000    0.0000    0.0000         2
          22     0.0267    1.0000    0.0519         2
          23     0.0000    0.0000    0.0000         2
          24     0.0000    0.0000    0.0000         3
          25     0.0000    0.0000    0.0000         2
          26     0.0000    0.0000    0.0000         2
          27     0.0000    0.0000    0.0000         2
          28     0.0000    0.0000    0.0000         3
          29     0.0000    0.0000    0.0000         3
          30     0.0000    0.0000    0.0000         3
          31     0.0000    0.0000    0.0000         2
          32     0.0000    0.0000    0.0000         2
          33     0.0000    0.0000    0.0000         3
          34     0.0000    0.0000    0.0000         2
          35     0.0000    0.0000    0.0000         2

    accuracy                         0.0444        90
   macro avg     0.0044    0.0556    0.0080        90
weighted avg     0.0036    0.0444    0.0064        90
