              precision    recall  f1-score   support

           0     1.0000    0.3333    0.5000         3
           1     1.0000    0.5000    0.6667         2
           2     0.6667    1.0000    0.8000         2
           3     1.0000    1.0000    1.0000         2
           4     1.0000    1.0000    1.0000         2
           5     0.6667    1.0000    0.8000         2
           6     1.0000    1.0000    1.0000         2
           7     1.0000    1.0000    1.0000         3
           8     1.0000    1.0000    1.0000         3
           9     0.3333    0.5000    0.4000         2
          10     1.0000    1.0000    1.0000         2
          11     1.0000    1.0000    1.0000         2
          12     1.0000    1.0000    1.0000         3
          13     1.0000    1.0000    1.0000         2
          14     1.0000    1.0000    1.0000         2
          15     1.0000    1.0000    1.0000         2
          16     1.0000    1.0000    1.0000         2
          17     1.0000    0.5000    0.6667         2
          18     1.0000    1.0000    1.0000         2
          19     0.7500    1.0000    0.8571         3
          20     1.0000    0.6667    0.8000         3
          21     0.7500    1.0000    0.8571         3
          22     1.0000    1.0000    1.0000         2
          23     1.0000    1.0000    1.0000         3
          24     1.0000    1.0000    1.0000         3
          25     1.0000    1.0000    1.0000         3
          26     1.0000    1.0000    1.0000         2
          27     1.0000    1.0000    1.0000         3
          28     0.7500    1.0000    0.8571         3
          29     1.0000    0.5000    0.6667         2
          30     1.0000    1.0000    1.0000         3
          31     1.0000    1.0000    1.0000         3
          32     1.0000    1.0000    1.0000         3
          33     1.0000    1.0000    1.0000         3
          34     1.0000    1.0000    1.0000         3
          35     1.0000    1.0000    1.0000         3

    accuracy                         0.9222        90
   macro avg     0.9421    0.9167    0.9131        90
weighted avg     0.9454    0.9222    0.9179        90
