              precision    recall  f1-score   support

           0     1.0000    0.6667    0.8000         3
           1     1.0000    1.0000    1.0000         2
           2     0.6667    1.0000    0.8000         2
           3     1.0000    1.0000    1.0000         3
           4     1.0000    1.0000    1.0000         2
           5     0.7500    1.0000    0.8571         3
           6     1.0000    1.0000    1.0000         2
           7     1.0000    1.0000    1.0000         2
           8     1.0000    1.0000    1.0000         3
           9     1.0000    1.0000    1.0000         2
          10     1.0000    1.0000    1.0000         3
          11     1.0000    0.6667    0.8000         3
          12     1.0000    1.0000    1.0000         2
          13     1.0000    1.0000    1.0000         3
          14     1.0000    0.5000    0.6667         2
          15     1.0000    1.0000    1.0000         2
          16     1.0000    1.0000    1.0000         3
          17     0.7500    1.0000    0.8571         3
          18     1.0000    0.5000    0.6667         2
          19     1.0000    1.0000    1.0000         3
          20     1.0000    1.0000    1.0000         3
          21     1.0000    1.0000    1.0000         2
          22     1.0000    1.0000    1.0000         2
          23     0.7500    1.0000    0.8571         3
          24     0.6667    1.0000    0.8000         2
          25     1.0000    1.0000    1.0000         2
          26     1.0000    1.0000    1.0000         2
          27     0.6667    1.0000    0.8000         2
          28     1.0000    0.6667    0.8000         3
          29     1.0000    0.6667    0.8000         3
          30     0.6667    0.6667    0.6667         3
          31     1.0000    1.0000    1.0000         3
          32     1.0000    1.0000    1.0000         2
          33     1.0000    1.0000    1.0000         3
          34     1.0000    1.0000    1.0000         2
          35     1.0000    1.0000    1.0000         3

    accuracy                         0.9222        90
   macro avg     0.9421    0.9259    0.9214        90
weighted avg     0.9417    0.9222    0.9198        90
