              precision    recall  f1-score   support

           0     1.0000    0.6667    0.8000         3
           1     1.0000    0.6667    0.8000         3
           2     1.0000    1.0000    1.0000         3
           3     0.6000    1.0000    0.7500         3
           4     1.0000    0.5000    0.6667         2
           5     1.0000    1.0000    1.0000         2
           6     1.0000    1.0000    1.0000         2
           7     1.0000    1.0000    1.0000         2
           8     1.0000    1.0000    1.0000         2
           9     0.6667    1.0000    0.8000         2
          10     0.7500    1.0000    0.8571         3
          11     1.0000    1.0000    1.0000         3
          12     0.0000    0.0000    0.0000         3
          13     1.0000    1.0000    1.0000         2
          14     1.0000    1.0000    1.0000         2
          15     1.0000    1.0000    1.0000         2
          16     1.0000    1.0000    1.0000         3
          17     1.0000    1.0000    1.0000         3
          18     1.0000    1.0000    1.0000         2
          19     1.0000    1.0000    1.0000         3
          20     1.0000    1.0000    1.0000         3
          21     1.0000    1.0000    1.0000         2
          22     1.0000    1.0000    1.0000         2
          23     1.0000    1.0000    1.0000         2
          24     1.0000    1.0000    1.0000         3
          25     1.0000    1.0000    1.0000         2
          26     1.0000    0.5000    0.6667         2
          27     1.0000    1.0000    1.0000         3
          28     1.0000    1.0000    1.0000         2
          29     1.0000    0.6667    0.8000         3
          30     1.0000    1.0000    1.0000         3
          31     1.0000    1.0000    1.0000         2
          32     1.0000    1.0000    1.0000         3
          33     0.2000    0.5000    0.2857         2
          34     0.7500    1.0000    0.8571         3
          35     0.6667    0.6667    0.6667         3

    accuracy                         0.8889        90
   macro avg     0.9065    0.8935    0.8875        90
weighted avg     0.9004    0.8889    0.8826        90
