              precision    recall  f1-score   support

           0     0.6667    1.0000    0.8000         2
           1     1.0000    1.0000    1.0000         3
           2     0.7500    1.0000    0.8571         3
           3     1.0000    1.0000    1.0000         2
           4     1.0000    1.0000    1.0000         2
           5     1.0000    1.0000    1.0000         3
           6     1.0000    1.0000    1.0000         2
           7     1.0000    1.0000    1.0000         2
           8     1.0000    1.0000    1.0000         3
           9     1.0000    1.0000    1.0000         2
          10     1.0000    0.6667    0.8000         3
          11     1.0000    1.0000    1.0000         3
          12     1.0000    1.0000    1.0000         2
          13     1.0000    1.0000    1.0000         3
          14     1.0000    1.0000    1.0000         2
          15     1.0000    1.0000    1.0000         3
          16     1.0000    1.0000    1.0000         3
          17     1.0000    1.0000    1.0000         2
          18     1.0000    1.0000    1.0000         2
          19     1.0000    1.0000    1.0000         3
          20     1.0000    1.0000    1.0000         2
          21     1.0000    1.0000    1.0000         3
          22     1.0000    1.0000    1.0000         2
          23     1.0000    1.0000    1.0000         2
          24     1.0000    0.6667    0.8000         3
          25     1.0000    1.0000    1.0000         2
          26     1.0000    1.0000    1.0000         2
          27     1.0000    1.0000    1.0000         2
          28     1.0000    1.0000    1.0000         2
          29     1.0000    1.0000    1.0000         3
          30     1.0000    1.0000    1.0000         2
          31     1.0000    1.0000    1.0000         3
          32     1.0000    1.0000    1.0000         3
          33     1.0000    1.0000    1.0000         3
          34     1.0000    1.0000    1.0000         3
          35     1.0000    1.0000    1.0000         3

    accuracy                         0.9778        90
   macro avg     0.9838    0.9815    0.9794        90
weighted avg     0.9843    0.9778    0.9775        90
