              precision    recall  f1-score   support

           0     0.0000    0.0000    0.0000         2
           1     0.0952    1.0000    0.1739         2
           2     0.0000    0.0000    0.0000         3
           3     0.0909    1.0000    0.1667         2
           4     0.0000    0.0000    0.0000         3
           5     0.0000    0.0000    0.0000         3
           6     0.0000    0.0000    0.0000         2
           7     0.0000    0.0000    0.0000         3
           8     0.0000    0.0000    0.0000         2
           9     0.0000    0.0000    0.0000         3
          10     0.0000    0.0000    0.0000         3
          11     0.0000    0.0000    0.0000         2
          12     0.0000    0.0000    0.0000         2
          13     0.0000    0.0000    0.0000         3
          14     0.0000    0.0000    0.0000         3
          15     0.0000    0.0000    0.0000         3
          16     0.0000    0.0000    0.0000         3
          17     0.0000    0.0000    0.0000         3
          18     0.0000    0.0000    0.0000         2
          19     0.0000    0.0000    0.0000         3
          20     0.0000    0.0000    0.0000         2
          21     0.0000    0.0000    0.0000         3
          22     0.0000    0.0000    0.0000         3
          23     0.0000    0.0000    0.0000         2
          24     0.0000    0.0000    0.0000         3
          25     0.0769    1.0000    0.1429         2
          26     0.0000    0.0000    0.0000         2
          27     0.0000    0.0000    0.0000         2
          28     0.0000    0.0000    0.0000         2
          29     0.0000    0.0000    0.0000         2
          30     0.0000    0.0000    0.0000         2
          31     0.0000    0.0000    0.0000         3
          32     0.0000    0.0000    0.0000         2
          33     0.0000    0.0000    0.0000         3
          34     0.0000    0.0000    0.0000         2
          35     0.0000    0.0000    0.0000         3

    accuracy                         0.0667        90
   macro avg     0.0073    0.0833    0.0134        90
weighted avg     0.0058    0.0667    0.0107        90
