              precision    recall  f1-score   support

           0     0.5000    1.0000    0.6667         2
           1     1.0000    1.0000    1.0000         2
           2     1.0000    1.0000    1.0000         2
           3     1.0000    1.0000    1.0000         3
           4     1.0000    1.0000    1.0000         2
           5     1.0000    1.0000    1.0000         3
           6     1.0000    0.6667    0.8000         3
           7     1.0000    1.0000    1.0000         2
           8     1.0000    0.5000    0.6667         2
           9     1.0000    0.3333    0.5000         3
          10     1.0000    1.0000    1.0000         3
          11     1.0000    1.0000    1.0000         3
          12     1.0000    0.5000    0.6667         2
          13     1.0000    1.0000    1.0000         2
          14     1.0000    1.0000    1.0000         2
          15     1.0000    1.0000    1.0000         2
          16     1.0000    1.0000    1.0000         2
          17     1.0000    1.0000    1.0000         3
          18     1.0000    1.0000    1.0000         3
          19     1.0000    1.0000    1.0000         2
          20     1.0000    1.0000    1.0000         3
          21     1.0000    1.0000    1.0000         3
          22     1.0000    1.0000    1.0000         3
          23     1.0000    1.0000    1.0000         3
          24     1.0000    1.0000    1.0000         2
          25     1.0000    1.0000    1.0000         3
          26     1.0000    1.0000    1.0000         2
          27     1.0000    1.0000    1.0000         2
          28     1.0000    1.0000    1.0000         3
          29     0.6667    1.0000    0.8000         2
          30     0.7500    1.0000    0.8571         3
          31     1.0000    1.0000    1.0000         2
          32     1.0000    1.0000    1.0000         3
          33     0.7500    1.0000    0.8571         3
          34     1.0000    1.0000    1.0000         2
          35     1.0000    1.0000    1.0000         3

    accuracy                         0.9444        90
   macro avg     0.9630    0.9444    0.9393        90
weighted avg     0.9648    0.9444    0.9405        90
