              precision    recall  f1-score   support

           0     1.0000    1.0000    1.0000         2
           1     1.0000    1.0000    1.0000         2
           2     1.0000    1.0000    1.0000         2
           3     1.0000    1.0000    1.0000         2
           4     1.0000    1.0000    1.0000         2
           5     1.0000    1.0000    1.0000         2
           6     1.0000    1.0000    1.0000         3
           7     1.0000    1.0000    1.0000         3
           8     0.7500    1.0000    0.8571         3
           9     1.0000    0.6667    0.8000         3
          10     1.0000    1.0000    1.0000         3
          11     1.0000    0.6667    0.8000         3
          12     0.3333    0.5000    0.4000         2
          13     0.0000    0.0000    0.0000         2
          14     0.6667    1.0000    0.8000         2
          15     1.0000    1.0000    1.0000         3
          16     1.0000    1.0000    1.0000         3
          17     1.0000    1.0000    1.0000         2
          18     0.6667    1.0000    0.8000         2
          19     1.0000    1.0000    1.0000         2
          20     1.0000    0.6667    0.8000         3
          21     1.0000    1.0000    1.0000         3
          22     1.0000    0.6667    0.8000         3
          23     0.5000    1.0000    0.6667         2
          24     0.6667    0.6667    0.6667         3
          25     1.0000    1.0000    1.0000         2
          26     1.0000    0.6667    0.8000         3
          27     0.7500    1.0000    0.8571         3
          28     1.0000    1.0000    1.0000         3
          29     1.0000    0.6667    0.8000         3
          30     1.0000    1.0000    1.0000         2
          31     1.0000    0.6667    0.8000         3
          32     0.5000    1.0000    0.6667         2
          33     0.5000    0.5000    0.5000         2
          34     1.0000    1.0000    1.0000         3
          35     1.0000    1.0000    1.0000         2

    accuracy                         0.8667        90
   macro avg     0.8704    0.8704    0.8560        90
weighted avg     0.8870    0.8667    0.8623        90
