              precision    recall  f1-score   support

           0     1.0000    1.0000    1.0000         2
           1     1.0000    1.0000    1.0000         2
           2     1.0000    1.0000    1.0000         3
           3     0.6667    1.0000    0.8000         2
           4     0.6667    1.0000    0.8000         2
           5     1.0000    0.3333    0.5000         3
           6     1.0000    1.0000    1.0000         2
           7     1.0000    1.0000    1.0000         2
           8     1.0000    0.6667    0.8000         3
           9     0.7500    1.0000    0.8571         3
          10     1.0000    1.0000    1.0000         2
          11     1.0000    1.0000    1.0000         3
          12     1.0000    0.3333    0.5000         3
          13     1.0000    1.0000    1.0000         3
          14     1.0000    1.0000    1.0000         2
          15     1.0000    1.0000    1.0000         2
          16     1.0000    1.0000    1.0000         2
          17     1.0000    1.0000    1.0000         2
          18     0.6667    1.0000    0.8000         2
          19     1.0000    1.0000    1.0000         2
          20     1.0000    1.0000    1.0000         3
          21     1.0000    1.0000    1.0000         3
          22     1.0000    1.0000    1.0000         2
          23     1.0000    1.0000    1.0000         3
          24     0.4000    0.6667    0.5000         3
          25     0.0000    0.0000    0.0000         3
          26     1.0000    1.0000    1.0000         3
          27     1.0000    0.3333    0.5000         3
          28     1.0000    1.0000    1.0000         2
          29     0.5000    0.6667    0.5714         3
          30     1.0000    1.0000    1.0000         2
          31     0.7500    1.0000    0.8571         3
          32     1.0000    1.0000    1.0000         3
          33     0.5000    0.5000    0.5000         2
          34     0.6667    1.0000    0.8000         2
          35     0.7500    1.0000    0.8571         3

    accuracy                         0.8556        90
   macro avg     0.8699    0.8750    0.8512        90
weighted avg     0.8643    0.8556    0.8359        90
