              precision    recall  f1-score   support

           0     1.0000    1.0000    1.0000         2
           1     1.0000    1.0000    1.0000         3
           2     1.0000    1.0000    1.0000         2
           3     1.0000    1.0000    1.0000         3
           4     1.0000    1.0000    1.0000         2
           5     0.7500    1.0000    0.8571         3
           6     1.0000    1.0000    1.0000         2
           7     1.0000    1.0000    1.0000         2
           8     1.0000    0.6667    0.8000         3
           9     1.0000    1.0000    1.0000         2
          10     1.0000    1.0000    1.0000         3
          11     1.0000    1.0000    1.0000         3
          12     1.0000    1.0000    1.0000         3
          13     1.0000    1.0000    1.0000         3
          14     1.0000    1.0000    1.0000         2
          15     1.0000    1.0000    1.0000         2
          16     1.0000    1.0000    1.0000         3
          17     0.7500    1.0000    0.8571         3
          18     0.5000    0.5000    0.5000         2
          19     1.0000    1.0000    1.0000         2
          20     0.7500    1.0000    0.8571         3
          21     1.0000    0.5000    0.6667         2
          22     1.0000    1.0000    1.0000         3
          23     1.0000    1.0000    1.0000         3
          24     1.0000    1.0000    1.0000         2
          25     1.0000    1.0000    1.0000         3
          26     1.0000    1.0000    1.0000         2
          27     1.0000    1.0000    1.0000         2
          28     1.0000    1.0000    1.0000         2
          29     1.0000    0.6667    0.8000         3
          30     0.5000    0.5000    0.5000         2
          31     1.0000    1.0000    1.0000         3
          32     1.0000    1.0000    1.0000         2
          33     1.0000    1.0000    1.0000         3
          34     1.0000    1.0000    1.0000         2
          35     1.0000    1.0000    1.0000         3

    accuracy                         0.9444        90
   macro avg     0.9514    0.9398    0.9399        90
weighted avg     0.9528    0.9444    0.9428        90
