              precision    recall  f1-score   support

           0     1.0000    1.0000    1.0000         2
           1     1.0000    1.0000    1.0000         2
           2     1.0000    1.0000    1.0000         3
           3     1.0000    1.0000    1.0000         3
           4     1.0000    1.0000    1.0000         3
           5     1.0000    1.0000    1.0000         2
           6     1.0000    1.0000    1.0000         3
           7     1.0000    1.0000    1.0000         3
           8     0.6667    1.0000    0.8000         2
           9     1.0000    1.0000    1.0000         2
          10     1.0000    1.0000    1.0000         2
          11     1.0000    1.0000    1.0000         2
          12     0.4000    0.6667    0.5000         3
          13     1.0000    1.0000    1.0000         3
          14     0.7500    1.0000    0.8571         3
          15     1.0000    0.5000    0.6667         2
          16     0.7500    1.0000    0.8571         3
          17     1.0000    1.0000    1.0000         2
          18     1.0000    1.0000    1.0000         2
          19     1.0000    1.0000    1.0000         2
          20     1.0000    0.6667    0.8000         3
          21     0.7500    1.0000    0.8571         3
          22     1.0000    1.0000    1.0000         3
          23     1.0000    1.0000    1.0000         2
          24     1.0000    1.0000    1.0000         3
          25     1.0000    1.0000    1.0000         2
          26     1.0000    1.0000    1.0000         3
          27     1.0000    0.5000    0.6667         2
          28     0.6667    1.0000    0.8000         2
          29     1.0000    0.3333    0.5000         3
          30     1.0000    1.0000    1.0000         2
          31     1.0000    0.3333    0.5000         3
          32     1.0000    1.0000    1.0000         2
          33     0.5000    0.5000    0.5000         2
          34     1.0000    1.0000    1.0000         3
          35     1.0000    1.0000    1.0000         3

    accuracy                         0.9000        90
   macro avg     0.9301    0.9028    0.8974        90
weighted avg     0.9291    0.9000    0.8942        90
