              precision    recall  f1-score   support

           0     0.0000    0.0000    0.0000         2
           1     0.0000    0.0000    0.0000         3
           2     0.0000    0.0000    0.0000         3
           3     0.0000    0.0000    0.0000         2
           4     0.0000    0.0000    0.0000         3
           5     0.0000    0.0000    0.0000         3
           6     0.0250    1.0000    0.0488         2
           7     0.0000    0.0000    0.0000         2
           8     0.0000    0.0000    0.0000         3
           9     0.0000    0.0000    0.0000         3
          10     0.0000    0.0000    0.0000         2
          11     0.0000    0.0000    0.0000         2
          12     0.0000    0.0000    0.0000         3
          13     0.0000    0.0000    0.0000         2
          14     0.0000    0.0000    0.0000         2
          15     0.0000    0.0000    0.0000         3
          16     0.0000    0.0000    0.0000         2
          17     0.0000    0.0000    0.0000         3
          18     0.0000    0.0000    0.0000         3
          19     0.0000    0.0000    0.0000         2
          20     0.0000    0.0000    0.0000         2
          21     0.0000    0.0000    0.0000         2
          22     0.0000    0.0000    0.0000         3
          23     0.0000    0.0000    0.0000         3
          24     0.0000    0.0000    0.0000         3
          25     0.0000    0.0000    0.0000         2
          26     0.0000    0.0000    0.0000         2
          27     0.0000    0.0000    0.0000         2
          28     0.0000    0.0000    0.0000         3
          29     0.0000    0.0000    0.0000         2
          30     0.0000    0.0000    0.0000         3
          31     0.0000    0.0000    0.0000         3
          32     0.0000    0.0000    0.0000         2
          33     0.0000    0.0000    0.0000         3
          34     0.0000    0.0000    0.0000         2
          35     0.0000    0.0000    0.0000         3

    accuracy                         0.0222        90
   macro avg     0.0007    0.0278    0.0014        90
weighted avg     0.0006    0.0222    0.0011        90
