              precision    recall  f1-score   support

           0     1.0000    1.0000    1.0000         3
           1     1.0000    1.0000    1.0000         2
           2     1.0000    1.0000    1.0000         2
           3     1.0000    1.0000    1.0000         2
           4     1.0000    1.0000    1.0000         3
           5     1.0000    1.0000    1.0000         2
           6     1.0000    1.0000    1.0000         2
           7     1.0000    0.5000    0.6667         2
           8     1.0000    1.0000    1.0000         3
           9     1.0000    1.0000    1.0000         3
          10     0.7500    1.0000    0.8571         3
          11     1.0000    1.0000    1.0000         2
          12     1.0000    1.0000    1.0000         3
          13     1.0000    1.0000    1.0000         3
          14     1.0000    0.5000    0.6667         2
          15     1.0000    1.0000    1.0000         3
          16     1.0000    1.0000    1.0000         3
          17     1.0000    1.0000    1.0000         3
          18     1.0000    1.0000    1.0000         2
          19     1.0000    1.0000    1.0000         2
          20     1.0000    0.5000    0.6667         2
          21     0.7500    1.0000    0.8571         3
          22     1.0000    1.0000    1.0000         3
          23     1.0000    1.0000    1.0000         3
          24     1.0000    1.0000    1.0000         2
          25     1.0000    1.0000    1.0000         2
          26     1.0000    1.0000    1.0000         2
          27     0.7500    1.0000    0.8571         3
          28     1.0000    0.6667    0.8000         3
          29     1.0000    1.0000    1.0000         3
          30     1.0000    1.0000    1.0000         3
          31     1.0000    1.0000    1.0000         2
          32     1.0000    1.0000    1.0000         2
          33     1.0000    1.0000    1.0000         2
          34     0.7500    1.0000    0.8571         3
          35     1.0000    1.0000    1.0000         2

    accuracy                         0.9556        90
   macro avg     0.9722    0.9491    0.9508        90
weighted avg     0.9667    0.9556    0.9521        90
