              precision    recall  f1-score   support

           0     1.0000    0.5000    0.6667         2
           1     1.0000    1.0000    1.0000         2
           2     0.7500    1.0000    0.8571         3
           3     1.0000    1.0000    1.0000         2
           4     1.0000    1.0000    1.0000         2
           5     0.7500    1.0000    0.8571         3
           6     1.0000    1.0000    1.0000         2
           7     1.0000    1.0000    1.0000         2
           8     0.6667    1.0000    0.8000         2
           9     1.0000    0.6667    0.8000         3
          10     1.0000    0.5000    0.6667         2
          11     1.0000    1.0000    1.0000         3
          12     0.7500    1.0000    0.8571         3
          13     1.0000    1.0000    1.0000         2
          14     1.0000    1.0000    1.0000         3
          15     1.0000    1.0000    1.0000         3
          16     1.0000    0.5000    0.6667         2
          17     1.0000    1.0000    1.0000         2
          18     0.5000    0.5000    0.5000         2
          19     1.0000    0.6667    0.8000         3
          20     0.6667    0.6667    0.6667         3
          21     0.6667    1.0000    0.8000         2
          22     0.6667    1.0000    0.8000         2
          23     1.0000    1.0000    1.0000         3
          24     0.6667    0.6667    0.6667         3
          25     0.6667    1.0000    0.8000         2
          26     1.0000    1.0000    1.0000         3
          27     1.0000    1.0000    1.0000         3
          28     1.0000    1.0000    1.0000         3
          29     0.6667    0.6667    0.6667         3
          30     1.0000    0.6667    0.8000         3
          31     1.0000    0.5000    0.6667         2
          32     1.0000    1.0000    1.0000         2
          33     1.0000    1.0000    1.0000         3
          34     1.0000    1.0000    1.0000         2
          35     1.0000    1.0000    1.0000         3

    accuracy                         0.8778        90
   macro avg     0.9005    0.8750    0.8705        90
weighted avg     0.9009    0.8778    0.8739        90
