              precision    recall  f1-score   support

           0     1.0000    1.0000    1.0000         2
           1     1.0000    1.0000    1.0000         2
           2     1.0000    1.0000    1.0000         3
           3     1.0000    1.0000    1.0000         2
           4     1.0000    0.6667    0.8000         3
           5     1.0000    1.0000    1.0000         3
           6     1.0000    1.0000    1.0000         2
           7     1.0000    1.0000    1.0000         3
           8     1.0000    0.6667    0.8000         3
           9     1.0000    1.0000    1.0000         3
          10     1.0000    1.0000    1.0000         2
          11     1.0000    1.0000    1.0000         2
          12     1.0000    1.0000    1.0000         3
          13     0.6667    0.6667    0.6667         3
          14     1.0000    1.0000    1.0000         2
          15     1.0000    1.0000    1.0000         3
          16     1.0000    1.0000    1.0000         2
          17     1.0000    1.0000    1.0000         3
          18     0.0000    0.0000    0.0000         3
          19     0.6667    1.0000    0.8000         2
          20     1.0000    1.0000    1.0000         3
          21     0.6667    1.0000    0.8000         2
          22     1.0000    1.0000    1.0000         2
          23     1.0000    1.0000    1.0000         2
          24     0.5000    0.5000    0.5000         2
          25     0.6667    1.0000    0.8000         2
          26     1.0000    1.0000    1.0000         2
          27     0.6667    1.0000    0.8000         2
          28     0.6667    0.6667    0.6667         3
          29     1.0000    1.0000    1.0000         3
          30     0.3333    0.5000    0.4000         2
          31     1.0000    1.0000    1.0000         3
          32     1.0000    1.0000    1.0000         3
          33     1.0000    1.0000    1.0000         2
          34     1.0000    1.0000    1.0000         3
          35     1.0000    1.0000    1.0000         3

    accuracy                         0.9000        90
   macro avg     0.8843    0.9074    0.8898        90
weighted avg     0.8889    0.9000    0.8889        90
