              precision    recall  f1-score   support

           0     0.0833    0.5000    0.1429         2
           1     0.0000    0.0000    0.0000         2
           2     0.0000    0.0000    0.0000         3
           3     0.0000    0.0000    0.0000         2
           4     0.0000    0.0000    0.0000         3
           5     0.0000    0.0000    0.0000         2
           6     0.0000    0.0000    0.0000         3
           7     0.0000    0.0000    0.0000         3
           8     0.0000    0.0000    0.0000         3
           9     0.0000    0.0000    0.0000         2
          10     0.1111    1.0000    0.2000         2
          11     0.0000    0.0000    0.0000         2
          12     0.1000    0.3333    0.1538         3
          13     0.0000    0.0000    0.0000         2
          14     0.0000    0.0000    0.0000         2
          15     0.0000    0.0000    0.0000         2
          16     0.0000    0.0000    0.0000         2
          17     0.0000    0.0000    0.0000         3
          18     0.0000    0.0000    0.0000         3
          19     0.0000    0.0000    0.0000         3
          20     0.0000    0.0000    0.0000         3
          21     0.1667    0.3333    0.2222         3
          22     0.0000    0.0000    0.0000         2
          23     0.0000    0.0000    0.0000         3
          24     0.0000    0.0000    0.0000         2
          25     0.0556    0.3333    0.0952         3
          26     0.0000    0.0000    0.0000         2
          27     0.0000    0.0000    0.0000         2
          28     0.0000    0.0000    0.0000         3
          29     0.0000    0.0000    0.0000         3
          30     0.0000    0.0000    0.0000         2
          31     0.0000    0.0000    0.0000         3
          32     0.0000    0.0000    0.0000         2
          33     0.0000    0.0000    0.0000         3
          34     0.0000    0.0000    0.0000         2
          35     0.0000    0.0000    0.0000         3

    accuracy                         0.0667        90
   macro avg     0.0144    0.0694    0.0226        90
weighted avg     0.0151    0.0667    0.0233        90
