              precision    recall  f1-score   support

           0     1.0000    1.0000    1.0000         2
           1     1.0000    1.0000    1.0000         2
           2     1.0000    1.0000    1.0000         3
           3     1.0000    0.6667    0.8000         3
           4     1.0000    1.0000    1.0000         2
           5     0.7500    1.0000    0.8571         3
           6     1.0000    0.6667    0.8000         3
           7     0.4000    1.0000    0.5714         2
           8     0.3333    0.5000    0.4000         2
           9     1.0000    1.0000    1.0000         2
          10     0.6667    1.0000    0.8000         2
          11     0.6000    1.0000    0.7500         3
          12     0.5000    0.3333    0.4000         3
          13     1.0000    1.0000    1.0000         3
          14     0.6667    0.6667    0.6667         3
          15     0.5000    1.0000    0.6667         2
          16     0.6667    0.6667    0.6667         3
          17     1.0000    0.5000    0.6667         2
          18     1.0000    0.6667    0.8000         3
          19     1.0000    1.0000    1.0000         3
          20     1.0000    1.0000    1.0000         2
          21     1.0000    1.0000    1.0000         2
          22     1.0000    1.0000    1.0000         2
          23     1.0000    1.0000    1.0000         2
          24     1.0000    1.0000    1.0000         3
          25     1.0000    1.0000    1.0000         3
          26     0.6667    1.0000    0.8000         2
          27     0.0000    0.0000    0.0000         2
          28     1.0000    1.0000    1.0000         3
          29     1.0000    1.0000    1.0000         2
          30     0.0000    0.0000    0.0000         2
          31     1.0000    0.3333    0.5000         3
          32     0.5000    0.3333    0.4000         3
          33     0.6000    1.0000    0.7500         3
          34     0.6667    0.6667    0.6667         3
          35     1.0000    0.5000    0.6667         2

    accuracy                         0.7889        90
   macro avg     0.7921    0.7917    0.7675        90
weighted avg     0.7998    0.7889    0.7702        90
