              precision    recall  f1-score   support

           0     0.5000    0.5000    0.5000         2
           1     1.0000    1.0000    1.0000         3
           2     1.0000    1.0000    1.0000         3
           3     1.0000    0.5000    0.6667         2
           4     0.7500    1.0000    0.8571         3
           5     1.0000    1.0000    1.0000         3
           6     1.0000    1.0000    1.0000         2
           7     1.0000    1.0000    1.0000         3
           8     1.0000    0.3333    0.5000         3
           9     0.5000    0.5000    0.5000         2
          10     1.0000    1.0000    1.0000         2
          11     1.0000    1.0000    1.0000         3
          12     1.0000    1.0000    1.0000         2
          13     1.0000    1.0000    1.0000         2
          14     1.0000    1.0000    1.0000         3
          15     0.6667    1.0000    0.8000         2
          16     1.0000    1.0000    1.0000         3
          17     1.0000    1.0000    1.0000         3
          18     0.2500    0.5000    0.3333         2
          19     0.7500    1.0000    0.8571         3
          20     1.0000    0.5000    0.6667         2
          21     1.0000    0.6667    0.8000         3
          22     1.0000    1.0000    1.0000         2
          23     1.0000    1.0000    1.0000         3
          24     0.5000    0.5000    0.5000         2
          25     0.7500    1.0000    0.8571         3
          26     1.0000    1.0000    1.0000         2
          27     1.0000    1.0000    1.0000         2
          28     1.0000    1.0000    1.0000         2
          29     1.0000    1.0000    1.0000         3
          30     0.5000    0.5000    0.5000         2
          31     1.0000    1.0000    1.0000         2
          32     1.0000    1.0000    1.0000         3
          33     0.6667    1.0000    0.8000         2
          34     1.0000    0.6667    0.8000         3
          35     1.0000    0.6667    0.8000         3

    accuracy                         0.8667        90
   macro avg     0.8843    0.8565    0.8538        90
weighted avg     0.8991    0.8667    0.8661        90
