              precision    recall  f1-score   support

           0     1.0000    1.0000    1.0000         2
           1     1.0000    0.6667    0.8000         3
           2     1.0000    1.0000    1.0000         2
           3     1.0000    1.0000    1.0000         2
           4     1.0000    1.0000    1.0000         2
           5     1.0000    1.0000    1.0000         3
           6     1.0000    1.0000    1.0000         2
           7     1.0000    1.0000    1.0000         3
           8     1.0000    1.0000    1.0000         2
           9     1.0000    1.0000    1.0000         3
          10     1.0000    1.0000    1.0000         3
          11     1.0000    1.0000    1.0000         3
          12     1.0000    1.0000    1.0000         3
          13     1.0000    1.0000    1.0000         2
          14     0.6667    1.0000    0.8000         2
          15     0.7500    1.0000    0.8571         3
          16     1.0000    0.6667    0.8000         3
          17     0.7500    1.0000    0.8571         3
          18     1.0000    0.6667    0.8000         3
          19     0.6667    1.0000    0.8000         2
          20     1.0000    1.0000    1.0000         2
          21     1.0000    1.0000    1.0000         2
          22     1.0000    1.0000    1.0000         2
          23     1.0000    1.0000    1.0000         2
          24     1.0000    1.0000    1.0000         3
          25     1.0000    1.0000    1.0000         2
          26     0.6667    1.0000    0.8000         2
          27     1.0000    0.5000    0.6667         2
          28     1.0000    1.0000    1.0000         2
          29     1.0000    1.0000    1.0000         2
          30     1.0000    0.6667    0.8000         3
          31     1.0000    1.0000    1.0000         3
          32     1.0000    1.0000    1.0000         3
          33     1.0000    0.6667    0.8000         3
          34     1.0000    1.0000    1.0000         3
          35     0.7500    1.0000    0.8571         3

    accuracy                         0.9333        90
   macro avg     0.9514    0.9398    0.9344        90
weighted avg     0.9528    0.9333    0.9316        90
