              precision    recall  f1-score   support

           0     0.6667    0.6667    0.6667         3
           1     1.0000    0.6667    0.8000         3
           2     0.3333    1.0000    0.5000         2
           3     0.7500    1.0000    0.8571         3
           4     0.5000    0.5000    0.5000         2
           5     1.0000    1.0000    1.0000         2
           6     0.5000    0.5000    0.5000         2
           7     1.0000    0.6667    0.8000         3
           8     0.5000    0.3333    0.4000         3
           9     1.0000    1.0000    1.0000         3
          10     0.5000    0.3333    0.4000         3
          11     1.0000    0.3333    0.5000         3
          12     0.6667    1.0000    0.8000         2
          13     1.0000    1.0000    1.0000         3
          14     0.6667    0.6667    0.6667         3
          15     1.0000    1.0000    1.0000         2
          16     1.0000    0.5000    0.6667         2
          17     0.6667    1.0000    0.8000         2
          18     1.0000    0.6667    0.8000         3
          19     1.0000    1.0000    1.0000         3
          20     0.3333    0.5000    0.4000         2
          21     1.0000    0.5000    0.6667         2
          22     0.0000    0.0000    0.0000         2
          23     0.3333    0.3333    0.3333         3
          24     1.0000    1.0000    1.0000         3
          25     1.0000    1.0000    1.0000         2
          26     0.6667    0.6667    0.6667         3
          27     1.0000    1.0000    1.0000         3
          28     1.0000    0.6667    0.8000         3
          29     1.0000    0.5000    0.6667         2
          30     0.6667    1.0000    0.8000         2
          31     0.5000    0.5000    0.5000         2
          32     0.5000    0.3333    0.4000         3
          33     0.6667    1.0000    0.8000         2
          34     0.6667    1.0000    0.8000         2
          35     0.6667    1.0000    0.8000         2

    accuracy                         0.7111        90
   macro avg     0.7431    0.7176    0.7025        90
weighted avg     0.7565    0.7111    0.7075        90
