              precision    recall  f1-score   support

           0     0.6667    1.0000    0.8000         2
           1     1.0000    0.6667    0.8000         3
           2     0.6667    0.6667    0.6667         3
           3     0.6667    0.6667    0.6667         3
           4     1.0000    1.0000    1.0000         2
           5     1.0000    1.0000    1.0000         2
           6     1.0000    1.0000    1.0000         2
           7     1.0000    1.0000    1.0000         2
           8     1.0000    0.6667    0.8000         3
           9     1.0000    1.0000    1.0000         3
          10     1.0000    1.0000    1.0000         3
          11     1.0000    1.0000    1.0000         2
          12     1.0000    1.0000    1.0000         2
          13     1.0000    0.3333    0.5000         3
          14     0.5000    1.0000    0.6667         2
          15     1.0000    1.0000    1.0000         2
          16     1.0000    1.0000    1.0000         2
          17     1.0000    1.0000    1.0000         3
          18     1.0000    1.0000    1.0000         3
          19     1.0000    0.5000    0.6667         2
          20     0.3333    0.5000    0.4000         2
          21     1.0000    0.6667    0.8000         3
          22     1.0000    0.6667    0.8000         3
          23     1.0000    1.0000    1.0000         3
          24     0.6000    1.0000    0.7500         3
          25     1.0000    0.6667    0.8000         3
          26     1.0000    1.0000    1.0000         2
          27     1.0000    1.0000    1.0000         2
          28     1.0000    1.0000    1.0000         3
          29     1.0000    1.0000    1.0000         2
          30     0.6667    1.0000    0.8000         2
          31     1.0000    1.0000    1.0000         3
          32     1.0000    0.5000    0.6667         2
          33     0.7500    1.0000    0.8571         3
          34     1.0000    1.0000    1.0000         2
          35     0.7500    1.0000    0.8571         3

    accuracy                         0.8667        90
   macro avg     0.9056    0.8750    0.8694        90
weighted avg     0.9070    0.8667    0.8655        90
