              precision    recall  f1-score   support

           0     0.6667    0.6667    0.6667         3
           1     1.0000    1.0000    1.0000         2
           2     1.0000    1.0000    1.0000         2
           3     1.0000    1.0000    1.0000         3
           4     1.0000    1.0000    1.0000         2
           5     1.0000    1.0000    1.0000         3
           6     1.0000    1.0000    1.0000         2
           7     0.7500    1.0000    0.8571         3
           8     1.0000    0.6667    0.8000         3
           9     0.6667    0.6667    0.6667         3
          10     1.0000    1.0000    1.0000         2
          11     1.0000    1.0000    1.0000         3
          12     1.0000    1.0000    1.0000         3
          13     1.0000    1.0000    1.0000         3
          14     1.0000    1.0000    1.0000         3
          15     1.0000    1.0000    1.0000         2
          16     0.6667    1.0000    0.8000         2
          17     1.0000    1.0000    1.0000         2
          18     0.6667    0.6667    0.6667         3
          19     1.0000    1.0000    1.0000         3
          20     1.0000    1.0000    1.0000         2
          21     1.0000    1.0000    1.0000         2
          22     1.0000    1.0000    1.0000         2
          23     1.0000    1.0000    1.0000         2
          24     1.0000    1.0000    1.0000         3
          25     1.0000    1.0000    1.0000         3
          26     1.0000    1.0000    1.0000         2
          27     1.0000    1.0000    1.0000         2
          28     1.0000    1.0000    1.0000         3
          29     1.0000    1.0000    1.0000         2
          30     1.0000    1.0000    1.0000         3
          31     1.0000    1.0000    1.0000         2
          32     1.0000    1.0000    1.0000         3
          33     1.0000    1.0000    1.0000         2
          34     1.0000    0.5000    0.6667         2
          35     1.0000    1.0000    1.0000         3

    accuracy                         0.9444        90
   macro avg     0.9560    0.9491    0.9479        90
weighted avg     0.9509    0.9444    0.9434        90
