              precision    recall  f1-score   support

           0     0.0000    0.0000    0.0000         2
           1     1.0000    1.0000    1.0000         3
           2     1.0000    1.0000    1.0000         2
           3     1.0000    1.0000    1.0000         3
           4     1.0000    0.6667    0.8000         3
           5     0.7500    1.0000    0.8571         3
           6     0.7500    1.0000    0.8571         3
           7     0.7500    1.0000    0.8571         3
           8     0.0000    0.0000    0.0000         2
           9     0.7500    1.0000    0.8571         3
          10     1.0000    1.0000    1.0000         3
          11     1.0000    1.0000    1.0000         2
          12     0.7500    1.0000    0.8571         3
          13     1.0000    1.0000    1.0000         2
          14     0.6667    1.0000    0.8000         2
          15     1.0000    1.0000    1.0000         2
          16     1.0000    1.0000    1.0000         2
          17     0.7500    1.0000    0.8571         3
          18     1.0000    1.0000    1.0000         2
          19     1.0000    1.0000    1.0000         2
          20     1.0000    1.0000    1.0000         3
          21     1.0000    1.0000    1.0000         2
          22     0.6000    1.0000    0.7500         3
          23     1.0000    0.6667    0.8000         3
          24     1.0000    1.0000    1.0000         3
          25     1.0000    1.0000    1.0000         2
          26     1.0000    1.0000    1.0000         2
          27     1.0000    1.0000    1.0000         3
          28     1.0000    1.0000    1.0000         2
          29     1.0000    1.0000    1.0000         2
          30     1.0000    1.0000    1.0000         2
          31     0.6667    1.0000    0.8000         2
          32     0.5000    0.5000    0.5000         2
          33     1.0000    0.6667    0.8000         3
          34     1.0000    0.6667    0.8000         3
          35     1.0000    0.3333    0.5000         3

    accuracy                         0.8778        90
   macro avg     0.8593    0.8750    0.8526        90
weighted avg     0.8663    0.8778    0.8553        90
