              precision    recall  f1-score   support

           0     1.0000    0.6667    0.8000         3
           1     0.6667    1.0000    0.8000         2
           2     1.0000    1.0000    1.0000         2
           3     1.0000    1.0000    1.0000         3
           4     1.0000    0.3333    0.5000         3
           5     0.4286    1.0000    0.6000         3
           6     1.0000    0.6667    0.8000         3
           7     0.7500    1.0000    0.8571         3
           8     1.0000    1.0000    1.0000         2
           9     0.6000    1.0000    0.7500         3
          10     1.0000    1.0000    1.0000         2
          11     1.0000    0.6667    0.8000         3
          12     0.6667    1.0000    0.8000         2
          13     1.0000    0.3333    0.5000         3
          14     0.5000    0.5000    0.5000         2
          15     0.7500    1.0000    0.8571         3
          16     0.7500    1.0000    0.8571         3
          17     1.0000    1.0000    1.0000         3
          18     1.0000    1.0000    1.0000         3
          19     1.0000    1.0000    1.0000         2
          20     0.6667    1.0000    0.8000         2
          21     0.0000    0.0000    0.0000         3
          22     1.0000    0.5000    0.6667         2
          23     0.5000    1.0000    0.6667         2
          24     1.0000    1.0000    1.0000         2
          25     1.0000    1.0000    1.0000         2
          26     1.0000    0.5000    0.6667         2
          27     1.0000    1.0000    1.0000         2
          28     0.7500    1.0000    0.8571         3
          29     1.0000    0.6667    0.8000         3
          30     1.0000    1.0000    1.0000         3
          31     1.0000    0.5000    0.6667         2
          32     1.0000    0.6667    0.8000         3
          33     1.0000    0.5000    0.6667         2
          34     0.6667    1.0000    0.8000         2
          35     1.0000    1.0000    1.0000         2

    accuracy                         0.8111        90
   macro avg     0.8526    0.8194    0.8003        90
weighted avg     0.8491    0.8111    0.7934        90
