              precision    recall  f1-score   support

           0     0.5000    0.3333    0.4000         3
           1     1.0000    1.0000    1.0000         3
           2     1.0000    1.0000    1.0000         3
           3     0.7500    1.0000    0.8571         3
           4     1.0000    1.0000    1.0000         2
           5     1.0000    0.5000    0.6667         2
           6     1.0000    1.0000    1.0000         3
           7     1.0000    1.0000    1.0000         3
           8     0.6667    1.0000    0.8000         2
           9     1.0000    0.5000    0.6667         2
          10     1.0000    1.0000    1.0000         2
          11     0.6667    1.0000    0.8000         2
          12     1.0000    0.6667    0.8000         3
          13     0.6667    1.0000    0.8000         2
          14     0.6667    1.0000    0.8000         2
          15     1.0000    1.0000    1.0000         3
          16     1.0000    1.0000    1.0000         3
          17     0.5000    1.0000    0.6667         2
          18     1.0000    0.5000    0.6667         2
          19     1.0000    0.6667    0.8000         3
          20     1.0000    0.6667    0.8000         3
          21     1.0000    1.0000    1.0000         3
          22     0.6667    1.0000    0.8000         2
          23     0.6667    0.6667    0.6667         3
          24     0.6000    1.0000    0.7500         3
          25     1.0000    1.0000    1.0000         3
          26     1.0000    1.0000    1.0000         2
          27     0.6667    1.0000    0.8000         2
          28     1.0000    0.3333    0.5000         3
          29     1.0000    1.0000    1.0000         2
          30     0.0000    0.0000    0.0000         2
          31     1.0000    1.0000    1.0000         3
          32     1.0000    1.0000    1.0000         3
          33     0.6667    1.0000    0.8000         2
          34     1.0000    0.5000    0.6667         2
          35     1.0000    1.0000    1.0000         2

    accuracy                         0.8444        90
   macro avg     0.8523    0.8426    0.8196        90
weighted avg     0.8654    0.8444    0.8288        90
