              precision    recall  f1-score   support

           0     1.0000    0.5000    0.6667         2
           1     1.0000    1.0000    1.0000         3
           2     1.0000    1.0000    1.0000         3
           3     1.0000    1.0000    1.0000         3
           4     0.6667    1.0000    0.8000         2
           5     1.0000    1.0000    1.0000         2
           6     0.6667    0.6667    0.6667         3
           7     1.0000    0.6667    0.8000         3
           8     1.0000    0.5000    0.6667         2
           9     0.6667    1.0000    0.8000         2
          10     1.0000    0.6667    0.8000         3
          11     0.7500    1.0000    0.8571         3
          12     1.0000    1.0000    1.0000         2
          13     1.0000    1.0000    1.0000         2
          14     1.0000    0.6667    0.8000         3
          15     1.0000    1.0000    1.0000         2
          16     0.6667    1.0000    0.8000         2
          17     1.0000    1.0000    1.0000         2
          18     0.6667    0.6667    0.6667         3
          19     1.0000    1.0000    1.0000         2
          20     1.0000    1.0000    1.0000         3
          21     1.0000    1.0000    1.0000         2
          22     1.0000    1.0000    1.0000         3
          23     1.0000    0.6667    0.8000         3
          24     0.7500    1.0000    0.8571         3
          25     1.0000    1.0000    1.0000         3
          26     1.0000    1.0000    1.0000         2
          27     0.7500    1.0000    0.8571         3
          28     0.7500    1.0000    0.8571         3
          29     1.0000    1.0000    1.0000         2
          30     1.0000    0.5000    0.6667         2
          31     1.0000    0.5000    0.6667         2
          32     1.0000    1.0000    1.0000         3
          33     1.0000    1.0000    1.0000         3
          34     0.6667    1.0000    0.8000         2
          35     1.0000    1.0000    1.0000         2

    accuracy                         0.8889        90
   macro avg     0.9167    0.8889    0.8841        90
weighted avg     0.9148    0.8889    0.8847        90
