              precision    recall  f1-score   support

           0     1.0000    1.0000    1.0000         2
           1     1.0000    1.0000    1.0000         3
           2     1.0000    1.0000    1.0000         3
           3     1.0000    0.6667    0.8000         3
           4     1.0000    1.0000    1.0000         2
           5     1.0000    1.0000    1.0000         2
           6     1.0000    0.6667    0.8000         3
           7     1.0000    1.0000    1.0000         3
           8     0.3333    0.5000    0.4000         2
           9     1.0000    1.0000    1.0000         2
          10     1.0000    0.6667    0.8000         3
          11     0.6000    1.0000    0.7500         3
          12     1.0000    0.5000    0.6667         2
          13     1.0000    1.0000    1.0000         2
          14     1.0000    1.0000    1.0000         3
          15     1.0000    1.0000    1.0000         2
          16     1.0000    1.0000    1.0000         2
          17     1.0000    1.0000    1.0000         2
          18     1.0000    1.0000    1.0000         3
          19     1.0000    0.5000    0.6667         2
          20     1.0000    0.6667    0.8000         3
          21     1.0000    1.0000    1.0000         2
          22     1.0000    0.6667    0.8000         3
          23     1.0000    0.3333    0.5000         3
          24     1.0000    1.0000    1.0000         3
          25     1.0000    1.0000    1.0000         3
          26     1.0000    1.0000    1.0000         2
          27     1.0000    1.0000    1.0000         3
          28     0.7500    1.0000    0.8571         3
          29     0.6667    1.0000    0.8000         2
          30     0.6667    1.0000    0.8000         2
          31     0.6667    1.0000    0.8000         2
          32     1.0000    1.0000    1.0000         3
          33     0.6000    1.0000    0.7500         3
          34     1.0000    1.0000    1.0000         2
          35     1.0000    1.0000    1.0000         2

    accuracy                         0.8889        90
   macro avg     0.9245    0.8935    0.8886        90
weighted avg     0.9280    0.8889    0.8871        90
