              precision    recall  f1-score   support

           0     0.6667    1.0000    0.8000         2
           1     0.6667    1.0000    0.8000         2
           2     1.0000    0.6667    0.8000         3
           3     0.7500    1.0000    0.8571         3
           4     1.0000    0.6667    0.8000         3
           5     0.5000    0.5000    0.5000         2
           6     1.0000    0.5000    0.6667         2
           7     1.0000    0.6667    0.8000         3
           8     0.3333    0.5000    0.4000         2
           9     0.5000    1.0000    0.6667         2
          10     1.0000    1.0000    1.0000         2
          11     0.0000    0.0000    0.0000         3
          12     0.5000    0.5000    0.5000         2
          13     1.0000    1.0000    1.0000         2
          14     1.0000    1.0000    1.0000         3
          15     0.5000    0.5000    0.5000         2
          16     1.0000    1.0000    1.0000         3
          17     1.0000    0.6667    0.8000         3
          18     0.7500    1.0000    0.8571         3
          19     1.0000    1.0000    1.0000         2
          20     0.5000    0.5000    0.5000         2
          21     1.0000    0.6667    0.8000         3
          22     1.0000    1.0000    1.0000         3
          23     0.6667    1.0000    0.8000         2
          24     1.0000    0.6667    0.8000         3
          25     0.5000    0.3333    0.4000         3
          26     1.0000    1.0000    1.0000         2
          27     1.0000    1.0000    1.0000         3
          28     1.0000    1.0000    1.0000         3
          29     0.6667    1.0000    0.8000         2
          30     0.3333    0.3333    0.3333         3
          31     0.3333    0.5000    0.4000         2
          32     1.0000    1.0000    1.0000         2
          33     0.7500    1.0000    0.8571         3
          34     1.0000    1.0000    1.0000         2
          35     1.0000    1.0000    1.0000         3

    accuracy                         0.7778        90
   macro avg     0.7755    0.7824    0.7622        90
weighted avg     0.7880    0.7778    0.7665        90
