              precision    recall  f1-score   support

           0     1.0000    1.0000    1.0000         2
           1     1.0000    0.6667    0.8000         3
           2     1.0000    1.0000    1.0000         3
           3     1.0000    0.6667    0.8000         3
           4     0.6667    1.0000    0.8000         2
           5     0.5000    0.5000    0.5000         2
           6     1.0000    1.0000    1.0000         3
           7     0.6667    0.6667    0.6667         3
           8     0.0000    0.0000    0.0000         2
           9     1.0000    1.0000    1.0000         2
          10     0.6667    0.6667    0.6667         3
          11     1.0000    1.0000    1.0000         3
          12     1.0000    1.0000    1.0000         2
          13     0.6667    1.0000    0.8000         2
          14     0.7500    1.0000    0.8571         3
          15     0.3333    0.5000    0.4000         2
          16     1.0000    0.5000    0.6667         2
          17     1.0000    1.0000    1.0000         2
          18     1.0000    0.3333    0.5000         3
          19     1.0000    1.0000    1.0000         2
          20     1.0000    0.6667    0.8000         3
          21     0.6667    1.0000    0.8000         2
          22     1.0000    0.6667    0.8000         3
          23     1.0000    1.0000    1.0000         3
          24     0.6000    1.0000    0.7500         3
          25     1.0000    1.0000    1.0000         3
          26     1.0000    1.0000    1.0000         2
          27     0.7500    1.0000    0.8571         3
          28     1.0000    1.0000    1.0000         3
          29     1.0000    0.5000    0.6667         2
          30     1.0000    1.0000    1.0000         2
          31     1.0000    1.0000    1.0000         2
          32     0.7500    1.0000    0.8571         3
          33     1.0000    1.0000    1.0000         3
          34     0.6667    1.0000    0.8000         2
          35     1.0000    1.0000    1.0000         2

    accuracy                         0.8444        90
   macro avg     0.8523    0.8426    0.8274        90
weighted avg     0.8617    0.8444    0.8326        90
