              precision    recall  f1-score   support

           0     0.6667    1.0000    0.8000         2
           1     1.0000    0.6667    0.8000         3
           2     0.7500    1.0000    0.8571         3
           3     1.0000    0.6667    0.8000         3
           4     1.0000    1.0000    1.0000         2
           5     1.0000    0.5000    0.6667         2
           6     0.5000    0.6667    0.5714         3
           7     1.0000    1.0000    1.0000         3
           8     1.0000    0.5000    0.6667         2
           9     0.6667    1.0000    0.8000         2
          10     0.5000    0.3333    0.4000         3
          11     1.0000    0.3333    0.5000         3
          12     1.0000    1.0000    1.0000         2
          13     0.6667    1.0000    0.8000         2
          14     0.6667    0.6667    0.6667         3
          15     0.6667    1.0000    0.8000         2
          16     0.2500    0.5000    0.3333         2
          17     0.5000    0.5000    0.5000         2
          18     1.0000    1.0000    1.0000         3
          19     1.0000    1.0000    1.0000         2
          20     0.5000    0.6667    0.5714         3
          21     1.0000    1.0000    1.0000         2
          22     1.0000    0.3333    0.5000         3
          23     0.5000    0.6667    0.5714         3
          24     1.0000    1.0000    1.0000         3
          25     1.0000    1.0000    1.0000         3
          26     1.0000    1.0000    1.0000         2
          27     1.0000    1.0000    1.0000         3
          28     1.0000    0.6667    0.8000         3
          29     1.0000    0.5000    0.6667         2
          30     0.0000    0.0000    0.0000         2
          31     0.5000    0.5000    0.5000         2
          32     0.3333    0.3333    0.3333         3
          33     0.6000    1.0000    0.7500         3
          34     0.6667    1.0000    0.8000         2
          35     0.5000    0.5000    0.5000         2

    accuracy                         0.7333        90
   macro avg     0.7620    0.7361    0.7210        90
weighted avg     0.7691    0.7333    0.7226        90
