              precision    recall  f1-score   support

           0     0.0000    0.0000    0.0000         2
           1     1.0000    1.0000    1.0000         3
           2     1.0000    1.0000    1.0000         3
           3     0.0000    0.0000    0.0000         3
           4     1.0000    1.0000    1.0000         2
           5     1.0000    1.0000    1.0000         2
           6     1.0000    1.0000    1.0000         3
           7     1.0000    0.3333    0.5000         3
           8     0.4000    1.0000    0.5714         2
           9     0.6667    1.0000    0.8000         2
          10     1.0000    0.6667    0.8000         3
          11     1.0000    0.6667    0.8000         3
          12     1.0000    1.0000    1.0000         2
          13     0.5000    1.0000    0.6667         2
          14     0.5000    1.0000    0.6667         3
          15     0.3333    1.0000    0.5000         2
          16     0.0000    0.0000    0.0000         2
          17     1.0000    1.0000    1.0000         2
          18     1.0000    0.3333    0.5000         3
          19     1.0000    1.0000    1.0000         2
          20     1.0000    0.6667    0.8000         3
          21     0.5000    0.5000    0.5000         2
          22     1.0000    1.0000    1.0000         3
          23     0.7500    1.0000    0.8571         3
          24     0.6667    0.6667    0.6667         3
          25     0.7500    1.0000    0.8571         3
          26     1.0000    1.0000    1.0000         2
          27     0.7500    1.0000    0.8571         3
          28     0.7500    1.0000    0.8571         3
          29     1.0000    1.0000    1.0000         2
          30     1.0000    0.5000    0.6667         2
          31     0.6667    1.0000    0.8000         2
          32     0.6667    0.6667    0.6667         3
          33     1.0000    1.0000    1.0000         3
          34     1.0000    0.5000    0.6667         2
          35     0.0000    0.0000    0.0000         2

    accuracy                         0.7667        90
   macro avg     0.7472    0.7639    0.7222        90
weighted avg     0.7626    0.7667    0.7314        90
