              precision    recall  f1-score   support

           0     0.7500    1.0000    0.8571         3
           1     1.0000    1.0000    1.0000         3
           2     1.0000    1.0000    1.0000         2
           3     1.0000    1.0000    1.0000         3
           4     1.0000    1.0000    1.0000         3
           5     1.0000    1.0000    1.0000         3
           6     1.0000    1.0000    1.0000         3
           7     1.0000    1.0000    1.0000         3
           8     1.0000    1.0000    1.0000         2
           9     1.0000    1.0000    1.0000         3
          10     1.0000    1.0000    1.0000         2
          11     0.5000    0.5000    0.5000         2
          12     1.0000    0.6667    0.8000         3
          13     1.0000    1.0000    1.0000         3
          14     1.0000    1.0000    1.0000         2
          15     0.7500    1.0000    0.8571         3
          16     1.0000    0.6667    0.8000         3
          17     0.7500    1.0000    0.8571         3
          18     0.5000    1.0000    0.6667         2
          19     1.0000    1.0000    1.0000         3
          20     1.0000    1.0000    1.0000         3
          21     1.0000    1.0000    1.0000         2
          22     1.0000    0.5000    0.6667         2
          23     1.0000    1.0000    1.0000         2
          24     1.0000    0.5000    0.6667         2
          25     1.0000    1.0000    1.0000         2
          26     1.0000    0.6667    0.8000         3
          27     0.6667    1.0000    0.8000         2
          28     1.0000    1.0000    1.0000         3
          29     1.0000    1.0000    1.0000         2
          30     1.0000    0.5000    0.6667         2
          31     1.0000    0.5000    0.6667         2
          32     1.0000    1.0000    1.0000         2
          33     0.5000    1.0000    0.6667         2
          34     1.0000    1.0000    1.0000         3
          35     1.0000    0.5000    0.6667         2

    accuracy                         0.9000        90
   macro avg     0.9282    0.8889    0.8872        90
weighted avg     0.9343    0.9000    0.8983        90
