              precision    recall  f1-score   support

           0     1.0000    1.0000    1.0000         3
           1     1.0000    1.0000    1.0000         2
           2     1.0000    1.0000    1.0000         2
           3     1.0000    1.0000    1.0000         3
           4     0.3333    0.5000    0.4000         2
           5     1.0000    0.6667    0.8000         3
           6     1.0000    1.0000    1.0000         3
           7     0.6667    1.0000    0.8000         2
           8     1.0000    0.5000    0.6667         2
           9     1.0000    1.0000    1.0000         3
          10     1.0000    1.0000    1.0000         2
          11     1.0000    1.0000    1.0000         3
          12     0.6667    0.6667    0.6667         3
          13     1.0000    1.0000    1.0000         2
          14     1.0000    1.0000    1.0000         2
          15     1.0000    0.6667    0.8000         3
          16     0.5000    0.6667    0.5714         3
          17     1.0000    1.0000    1.0000         2
          18     1.0000    1.0000    1.0000         3
          19     0.5000    0.3333    0.4000         3
          20     1.0000    1.0000    1.0000         3
          21     1.0000    0.5000    0.6667         2
          22     1.0000    1.0000    1.0000         2
          23     1.0000    1.0000    1.0000         2
          24     1.0000    1.0000    1.0000         2
          25     1.0000    1.0000    1.0000         2
          26     1.0000    1.0000    1.0000         3
          27     0.7500    1.0000    0.8571         3
          28     1.0000    1.0000    1.0000         3
          29     1.0000    1.0000    1.0000         2
          30     0.3333    0.3333    0.3333         3
          31     0.6000    1.0000    0.7500         3
          32     1.0000    0.6667    0.8000         3
          33     0.5000    0.5000    0.5000         2
          34     0.0000    0.0000    0.0000         2
          35     0.6667    1.0000    0.8000         2

    accuracy                         0.8333        90
   macro avg     0.8477    0.8333    0.8281        90
weighted avg     0.8487    0.8333    0.8289        90
