              precision    recall  f1-score   support

           0     1.0000    1.0000    1.0000         2
           1     1.0000    1.0000    1.0000         3
           2     1.0000    1.0000    1.0000         2
           3     1.0000    1.0000    1.0000         2
           4     1.0000    1.0000    1.0000         2
           5     1.0000    1.0000    1.0000         3
           6     0.5000    0.5000    0.5000         2
           7     0.5000    0.5000    0.5000         2
           8     0.5000    0.3333    0.4000         3
           9     1.0000    1.0000    1.0000         2
          10     1.0000    1.0000    1.0000         3
          11     1.0000    1.0000    1.0000         2
          12     0.7500    1.0000    0.8571         3
          13     1.0000    1.0000    1.0000         3
          14     1.0000    1.0000    1.0000         2
          15     1.0000    1.0000    1.0000         2
          16     1.0000    1.0000    1.0000         2
          17     0.6667    1.0000    0.8000         2
          18     0.7500    1.0000    0.8571         3
          19     1.0000    1.0000    1.0000         3
          20     0.6667    0.6667    0.6667         3
          21     1.0000    0.6667    0.8000         3
          22     0.7500    1.0000    0.8571         3
          23     1.0000    1.0000    1.0000         3
          24     0.6667    1.0000    0.8000         2
          25     1.0000    1.0000    1.0000         2
          26     1.0000    1.0000    1.0000         2
          27     1.0000    1.0000    1.0000         3
          28     1.0000    1.0000    1.0000         3
          29     1.0000    1.0000    1.0000         2
          30     1.0000    0.3333    0.5000         3
          31     1.0000    1.0000    1.0000         2
          32     1.0000    1.0000    1.0000         3
          33     1.0000    0.5000    0.6667         2
          34     1.0000    1.0000    1.0000         3
          35     1.0000    1.0000    1.0000         3

    accuracy                         0.9000        90
   macro avg     0.9097    0.9028    0.8946        90
weighted avg     0.9102    0.9000    0.8928        90
