              precision    recall  f1-score   support

           0     0.7500    1.0000    0.8571         3
           1     0.6667    1.0000    0.8000         2
           2     1.0000    1.0000    1.0000         3
           3     1.0000    1.0000    1.0000         3
           4     1.0000    1.0000    1.0000         3
           5     1.0000    1.0000    1.0000         3
           6     1.0000    1.0000    1.0000         2
           7     1.0000    1.0000    1.0000         3
           8     1.0000    1.0000    1.0000         2
           9     1.0000    0.5000    0.6667         2
          10     1.0000    1.0000    1.0000         3
          11     1.0000    0.6667    0.8000         3
          12     1.0000    1.0000    1.0000         3
          13     0.6667    1.0000    0.8000         2
          14     1.0000    0.6667    0.8000         3
          15     1.0000    1.0000    1.0000         3
          16     1.0000    1.0000    1.0000         3
          17     1.0000    1.0000    1.0000         3
          18     0.6667    1.0000    0.8000         2
          19     1.0000    1.0000    1.0000         2
          20     1.0000    1.0000    1.0000         3
          21     1.0000    1.0000    1.0000         2
          22     1.0000    1.0000    1.0000         3
          23     0.6667    1.0000    0.8000         2
          24     1.0000    0.6667    0.8000         3
          25     0.6667    1.0000    0.8000         2
          26     1.0000    0.6667    0.8000         3
          27     1.0000    1.0000    1.0000         2
          28     1.0000    1.0000    1.0000         2
          29     1.0000    1.0000    1.0000         3
          30     1.0000    0.5000    0.6667         2
          31     1.0000    1.0000    1.0000         2
          32     0.6667    1.0000    0.8000         2
          33     1.0000    1.0000    1.0000         2
          34     1.0000    1.0000    1.0000         2
          35     1.0000    0.5000    0.6667         2

    accuracy                         0.9222        90
   macro avg     0.9375    0.9213    0.9127        90
weighted avg     0.9472    0.9222    0.9197        90
