              precision    recall  f1-score   support

           0     1.0000    1.0000    1.0000         3
           1     1.0000    1.0000    1.0000         2
           2     1.0000    1.0000    1.0000         3
           3     1.0000    1.0000    1.0000         3
           4     1.0000    1.0000    1.0000         3
           5     0.6667    1.0000    0.8000         2
           6     0.5000    0.5000    0.5000         2
           7     1.0000    0.3333    0.5000         3
           8     1.0000    1.0000    1.0000         2
           9     1.0000    0.5000    0.6667         2
          10     1.0000    1.0000    1.0000         3
          11     1.0000    1.0000    1.0000         2
          12     1.0000    1.0000    1.0000         3
          13     1.0000    1.0000    1.0000         2
          14     1.0000    1.0000    1.0000         2
          15     1.0000    0.6667    0.8000         3
          16     0.7500    1.0000    0.8571         3
          17     1.0000    0.6667    0.8000         3
          18     1.0000    0.3333    0.5000         3
          19     1.0000    1.0000    1.0000         3
          20     1.0000    1.0000    1.0000         3
          21     1.0000    1.0000    1.0000         2
          22     1.0000    1.0000    1.0000         3
          23     1.0000    1.0000    1.0000         3
          24     0.4000    1.0000    0.5714         2
          25     1.0000    1.0000    1.0000         2
          26     1.0000    1.0000    1.0000         3
          27     1.0000    1.0000    1.0000         2
          28     1.0000    1.0000    1.0000         2
          29     1.0000    1.0000    1.0000         2
          30     1.0000    1.0000    1.0000         2
          31     1.0000    1.0000    1.0000         2
          32     1.0000    1.0000    1.0000         2
          33     1.0000    1.0000    1.0000         3
          34     0.5000    1.0000    0.6667         2
          35     1.0000    1.0000    1.0000         3

    accuracy                         0.9111        90
   macro avg     0.9394    0.9167    0.9073        90
weighted avg     0.9487    0.9111    0.9087        90
