              precision    recall  f1-score   support

           0     1.0000    0.5000    0.6667         2
           1     1.0000    1.0000    1.0000         3
           2     1.0000    1.0000    1.0000         2
           3     1.0000    0.6667    0.8000         3
           4     0.6667    1.0000    0.8000         2
           5     0.5000    0.3333    0.4000         3
           6     1.0000    1.0000    1.0000         3
           7     0.6667    1.0000    0.8000         2
           8     1.0000    1.0000    1.0000         2
           9     1.0000    1.0000    1.0000         3
          10     1.0000    1.0000    1.0000         2
          11     0.5000    0.5000    0.5000         2
          12     1.0000    0.3333    0.5000         3
          13     1.0000    0.6667    0.8000         3
          14     1.0000    1.0000    1.0000         3
          15     1.0000    0.5000    0.6667         2
          16     0.5000    1.0000    0.6667         2
          17     1.0000    1.0000    1.0000         2
          18     1.0000    0.6667    0.8000         3
          19     1.0000    1.0000    1.0000         3
          20     1.0000    0.6667    0.8000         3
          21     0.6000    1.0000    0.7500         3
          22     1.0000    0.3333    0.5000         3
          23     0.5000    0.5000    0.5000         2
          24     1.0000    1.0000    1.0000         3
          25     1.0000    1.0000    1.0000         2
          26     1.0000    1.0000    1.0000         3
          27     1.0000    1.0000    1.0000         2
          28     0.5000    1.0000    0.6667         2
          29     1.0000    1.0000    1.0000         3
          30     1.0000    1.0000    1.0000         2
          31     1.0000    1.0000    1.0000         3
          32     0.7500    1.0000    0.8571         3
          33     0.5000    1.0000    0.6667         2
          34     1.0000    1.0000    1.0000         2
          35     1.0000    1.0000    1.0000         2

    accuracy                         0.8444        90
   macro avg     0.8801    0.8519    0.8372        90
weighted avg     0.8913    0.8444    0.8388        90
