              precision    recall  f1-score   support

           0     1.0000    1.0000    1.0000         3
           1     1.0000    1.0000    1.0000         2
           2     1.0000    1.0000    1.0000         2
           3     1.0000    1.0000    1.0000         3
           4     0.6667    1.0000    0.8000         2
           5     0.0000    0.0000    0.0000         2
           6     0.5000    0.5000    0.5000         2
           7     1.0000    1.0000    1.0000         3
           8     1.0000    1.0000    1.0000         2
           9     1.0000    1.0000    1.0000         3
          10     1.0000    1.0000    1.0000         2
          11     1.0000    1.0000    1.0000         2
          12     1.0000    0.5000    0.6667         2
          13     0.5000    0.3333    0.4000         3
          14     0.6667    0.6667    0.6667         3
          15     0.7500    1.0000    0.8571         3
          16     1.0000    0.6667    0.8000         3
          17     0.6000    1.0000    0.7500         3
          18     1.0000    1.0000    1.0000         3
          19     1.0000    0.5000    0.6667         2
          20     1.0000    1.0000    1.0000         3
          21     1.0000    1.0000    1.0000         2
          22     0.5000    0.5000    0.5000         2
          23     0.6667    0.6667    0.6667         3
          24     1.0000    1.0000    1.0000         3
          25     1.0000    1.0000    1.0000         2
          26     1.0000    1.0000    1.0000         3
          27     0.6667    1.0000    0.8000         2
          28     1.0000    0.6667    0.8000         3
          29     1.0000    0.6667    0.8000         3
          30     1.0000    1.0000    1.0000         2
          31     1.0000    1.0000    1.0000         3
          32     0.6667    1.0000    0.8000         2
          33     0.6667    1.0000    0.8000         2
          34     1.0000    1.0000    1.0000         3
          35     1.0000    1.0000    1.0000         2

    accuracy                         0.8556        90
   macro avg     0.8569    0.8519    0.8409        90
weighted avg     0.8654    0.8556    0.8476        90
