              precision    recall  f1-score   support

           0     1.0000    1.0000    1.0000         2
           1     1.0000    1.0000    1.0000         3
           2     1.0000    1.0000    1.0000         2
           3     1.0000    1.0000    1.0000         3
           4     1.0000    1.0000    1.0000         2
           5     1.0000    1.0000    1.0000         3
           6     1.0000    1.0000    1.0000         3
           7     1.0000    1.0000    1.0000         3
           8     1.0000    1.0000    1.0000         2
           9     1.0000    1.0000    1.0000         3
          10     1.0000    1.0000    1.0000         2
          11     1.0000    1.0000    1.0000         3
          12     1.0000    1.0000    1.0000         2
          13     1.0000    1.0000    1.0000         3
          14     1.0000    1.0000    1.0000         2
          15     1.0000    1.0000    1.0000         2
          16     1.0000    1.0000    1.0000         3
          17     1.0000    1.0000    1.0000         2
          18     0.6667    1.0000    0.8000         2
          19     1.0000    1.0000    1.0000         3
          20     0.5000    1.0000    0.6667         2
          21     1.0000    0.6667    0.8000         3
          22     1.0000    0.6667    0.8000         3
          23     1.0000    1.0000    1.0000         2
          24     1.0000    0.5000    0.6667         2
          25     1.0000    1.0000    1.0000         3
          26     1.0000    1.0000    1.0000         2
          27     1.0000    1.0000    1.0000         2
          28     1.0000    1.0000    1.0000         2
          29     1.0000    1.0000    1.0000         3
          30     0.7500    1.0000    0.8571         3
          31     1.0000    1.0000    1.0000         3
          32     1.0000    1.0000    1.0000         2
          33     1.0000    1.0000    1.0000         3
          34     1.0000    0.5000    0.6667         2
          35     1.0000    1.0000    1.0000         3

    accuracy                         0.9556        90
   macro avg     0.9699    0.9537    0.9516        90
weighted avg     0.9731    0.9556    0.9552        90
