              precision    recall  f1-score   support

           0     0.0000    0.0000    0.0000         3
           1     0.0000    0.0000    0.0000         3
           2     0.0000    0.0000    0.0000         2
           3     0.0000    0.0000    0.0000         3
           4     0.0000    0.0000    0.0000         2
           5     0.0000    0.0000    0.0000         2
           6     0.0000    0.0000    0.0000         2
           7     0.0000    0.0000    0.0000         3
           8     0.0571    1.0000    0.1081         2
           9     0.0000    0.0000    0.0000         2
          10     0.0000    0.0000    0.0000         2
          11     0.0000    0.0000    0.0000         2
          12     0.0000    0.0000    0.0000         2
          13     0.0000    0.0000    0.0000         2
          14     0.0000    0.0000    0.0000         3
          15     0.0000    0.0000    0.0000         3
          16     0.0000    0.0000    0.0000         3
          17     0.0000    0.0000    0.0000         2
          18     0.0000    0.0000    0.0000         3
          19     0.0000    0.0000    0.0000         3
          20     0.0000    0.0000    0.0000         3
          21     0.0000    0.0000    0.0000         3
          22     0.0000    0.0000    0.0000         2
          23     0.0000    0.0000    0.0000         2
          24     0.0000    0.0000    0.0000         3
          25     0.0000    0.0000    0.0000         3
          26     0.0000    0.0000    0.0000         3
          27     0.0000    0.0000    0.0000         2
          28     0.0000    0.0000    0.0000         2
          29     0.0000    0.0000    0.0000         2
          30     0.0000    0.0000    0.0000         3
          31     0.0000    0.0000    0.0000         3
          32     0.0513    1.0000    0.0976         2
          33     0.0000    0.0000    0.0000         3
          34     1.0000    1.0000    1.0000         2
          35     0.0000    0.0000    0.0000         3

    accuracy                         0.0667        90
   macro avg     0.0308    0.0833    0.0335        90
weighted avg     0.0246    0.0667    0.0268        90
