              precision    recall  f1-score   support

           0     1.0000    0.6667    0.8000         3
           1     1.0000    1.0000    1.0000         3
           2     0.7500    1.0000    0.8571         3
           3     1.0000    1.0000    1.0000         2
           4     1.0000    1.0000    1.0000         3
           5     1.0000    1.0000    1.0000         2
           6     1.0000    1.0000    1.0000         3
           7     1.0000    0.5000    0.6667         2
           8     0.6667    1.0000    0.8000         2
           9     1.0000    1.0000    1.0000         2
          10     0.6667    0.6667    0.6667         3
          11     1.0000    1.0000    1.0000         2
          12     1.0000    1.0000    1.0000         3
          13     1.0000    1.0000    1.0000         3
          14     1.0000    1.0000    1.0000         2
          15     1.0000    1.0000    1.0000         2
          16     1.0000    1.0000    1.0000         3
          17     0.7500    1.0000    0.8571         3
          18     1.0000    1.0000    1.0000         2
          19     1.0000    1.0000    1.0000         2
          20     0.7500    1.0000    0.8571         3
          21     1.0000    0.5000    0.6667         2
          22     1.0000    1.0000    1.0000         2
          23     1.0000    1.0000    1.0000         3
          24     1.0000    0.6667    0.8000         3
          25     0.7500    1.0000    0.8571         3
          26     1.0000    1.0000    1.0000         2
          27     1.0000    1.0000    1.0000         3
          28     1.0000    1.0000    1.0000         2
          29     1.0000    1.0000    1.0000         2
          30     1.0000    1.0000    1.0000         2
          31     1.0000    1.0000    1.0000         2
          32     1.0000    1.0000    1.0000         3
          33     1.0000    1.0000    1.0000         3
          34     1.0000    0.6667    0.8000         3
          35     1.0000    1.0000    1.0000         2

    accuracy                         0.9333        90
   macro avg     0.9537    0.9352    0.9341        90
weighted avg     0.9481    0.9333    0.9306        90
