              precision    recall  f1-score   support

           0     0.0000    0.0000    0.0000         2
           1     0.0000    0.0000    0.0000         2
           2     0.0000    0.0000    0.0000         2
           3     0.0000    0.0000    0.0000         3
           4     0.0000    0.0000    0.0000         3
           5     0.0000    0.0000    0.0000         2
           6     0.0000    0.0000    0.0000         3
           7     0.0000    0.0000    0.0000         3
           8     0.0000    0.0000    0.0000         2
           9     0.0000    0.0000    0.0000         2
          10     0.0000    0.0000    0.0000         3
          11     0.0000    0.0000    0.0000         2
          12     0.0000    0.0000    0.0000         2
          13     0.0000    0.0000    0.0000         3
          14     0.0000    0.0000    0.0000         3
          15     0.0000    0.0000    0.0000         2
          16     0.0000    0.0000    0.0000         3
          17     0.0000    0.0000    0.0000         2
          18     0.0000    0.0000    0.0000         2
          19     0.0000    0.0000    0.0000         2
          20     0.0000    0.0000    0.0000         2
          21     0.0000    0.0000    0.0000         3
          22     0.0000    0.0000    0.0000         3
          23     0.0000    0.0000    0.0000         3
          24     0.0000    0.0000    0.0000         2
          25     0.0000    0.0000    0.0000         3
          26     0.0000    0.0000    0.0000         3
          27     0.0000    0.0000    0.0000         3
          28     0.0000    0.0000    0.0000         3
          29     0.0222    1.0000    0.0435         2
          30     0.0000    0.0000    0.0000         3
          31     0.0000    0.0000    0.0000         2
          32     0.0000    0.0000    0.0000         3
          33     0.0000    0.0000    0.0000         3
          34     0.0000    0.0000    0.0000         2
          35     0.0000    0.0000    0.0000         2

    accuracy                         0.0222        90
   macro avg     0.0006    0.0278    0.0012        90
weighted avg     0.0005    0.0222    0.0010        90
