              precision    recall  f1-score   support

           0     0.6667    1.0000    0.8000         2
           1     1.0000    0.6667    0.8000         3
           2     0.6667    0.6667    0.6667         3
           3     0.0000    0.0000    0.0000         2
           4     0.2000    0.5000    0.2857         2
           5     1.0000    0.5000    0.6667         2
           6     1.0000    1.0000    1.0000         2
           7     1.0000    1.0000    1.0000         2
           8     1.0000    1.0000    1.0000         3
           9     1.0000    1.0000    1.0000         3
          10     1.0000    1.0000    1.0000         2
          11     1.0000    0.6667    0.8000         3
          12     0.3333    0.5000    0.4000         2
          13     0.0000    0.0000    0.0000         3
          14     0.4000    0.6667    0.5000         3
          15     0.5000    0.5000    0.5000         2
          16     1.0000    0.6667    0.8000         3
          17     1.0000    1.0000    1.0000         2
          18     0.6667    0.6667    0.6667         3
          19     1.0000    0.3333    0.5000         3
          20     0.6000    1.0000    0.7500         3
          21     1.0000    1.0000    1.0000         2
          22     0.7500    1.0000    0.8571         3
          23     0.6667    0.6667    0.6667         3
          24     0.6667    0.6667    0.6667         3
          25     1.0000    0.6667    0.8000         3
          26     1.0000    1.0000    1.0000         2
          27     0.0000    0.0000    0.0000         2
          28     1.0000    1.0000    1.0000         3
          29     0.0000    0.0000    0.0000         2
          30     1.0000    1.0000    1.0000         2
          31     1.0000    0.6667    0.8000         3
          32     0.3333    0.5000    0.4000         2
          33     0.5000    0.5000    0.5000         2
          34     1.0000    0.5000    0.6667         2
          35     1.0000    1.0000    1.0000         3

    accuracy                         0.6889        90
   macro avg     0.7208    0.6806    0.6804        90
weighted avg     0.7369    0.6889    0.6918        90
