              precision    recall  f1-score   support

           0     0.6667    0.6667    0.6667         3
           1     1.0000    0.5000    0.6667         2
           2     0.5000    1.0000    0.6667         2
           3     1.0000    0.6667    0.8000         3
           4     1.0000    1.0000    1.0000         2
           5     1.0000    0.6667    0.8000         3
           6     1.0000    0.6667    0.8000         3
           7     0.7500    1.0000    0.8571         3
           8     1.0000    0.5000    0.6667         2
           9     1.0000    0.5000    0.6667         2
          10     0.4000    0.6667    0.5000         3
          11     1.0000    1.0000    1.0000         2
          12     0.5000    1.0000    0.6667         2
          13     1.0000    1.0000    1.0000         3
          14     0.3333    0.5000    0.4000         2
          15     0.6667    0.6667    0.6667         3
          16     1.0000    0.6667    0.8000         3
          17     1.0000    0.6667    0.8000         3
          18     1.0000    0.5000    0.6667         2
          19     0.6667    1.0000    0.8000         2
          20     1.0000    1.0000    1.0000         2
          21     1.0000    1.0000    1.0000         3
          22     1.0000    1.0000    1.0000         2
          23     1.0000    1.0000    1.0000         2
          24     0.6667    1.0000    0.8000         2
          25     0.7500    1.0000    0.8571         3
          26     0.5000    1.0000    0.6667         2
          27     1.0000    0.6667    0.8000         3
          28     0.6667    1.0000    0.8000         2
          29     1.0000    0.5000    0.6667         2
          30     1.0000    1.0000    1.0000         2
          31     0.0000    0.0000    0.0000         3
          32     0.6667    0.6667    0.6667         3
          33     0.6667    0.6667    0.6667         3
          34     1.0000    1.0000    1.0000         3
          35     0.3333    0.3333    0.3333         3

    accuracy                         0.7556        90
   macro avg     0.7981    0.7685    0.7541        90
weighted avg     0.7930    0.7556    0.7479        90
