              precision    recall  f1-score   support

           0     1.0000    1.0000    1.0000         2
           1     1.0000    1.0000    1.0000         2
           2     1.0000    1.0000    1.0000         3
           3     1.0000    1.0000    1.0000         2
           4     1.0000    1.0000    1.0000         2
           5     1.0000    1.0000    1.0000         2
           6     1.0000    1.0000    1.0000         2
           7     1.0000    1.0000    1.0000         3
           8     0.7500    1.0000    0.8571         3
           9     1.0000    1.0000    1.0000         2
          10     0.7500    1.0000    0.8571         3
          11     1.0000    1.0000    1.0000         2
          12     1.0000    1.0000    1.0000         3
          13     1.0000    1.0000    1.0000         3
          14     1.0000    1.0000    1.0000         2
          15     1.0000    1.0000    1.0000         2
          16     1.0000    1.0000    1.0000         2
          17     1.0000    1.0000    1.0000         3
          18     1.0000    0.6667    0.8000         3
          19     1.0000    1.0000    1.0000         3
          20     1.0000    1.0000    1.0000         3
          21     1.0000    1.0000    1.0000         3
          22     1.0000    1.0000    1.0000         2
          23     1.0000    1.0000    1.0000         3
          24     1.0000    1.0000    1.0000         3
          25     1.0000    1.0000    1.0000         2
          26     1.0000    1.0000    1.0000         3
          27     1.0000    1.0000    1.0000         3
          28     1.0000    0.6667    0.8000         3
          29     1.0000    1.0000    1.0000         3
          30     1.0000    1.0000    1.0000         2
          31     1.0000    1.0000    1.0000         3
          32     1.0000    1.0000    1.0000         2
          33     1.0000    1.0000    1.0000         2
          34     1.0000    1.0000    1.0000         2
          35     1.0000    1.0000    1.0000         2

    accuracy                         0.9778        90
   macro avg     0.9861    0.9815    0.9810        90
weighted avg     0.9833    0.9778    0.9771        90
