              precision    recall  f1-score   support

           0     1.0000    0.5000    0.6667         2
           1     0.5000    1.0000    0.6667         2
           2     1.0000    0.5000    0.6667         2
           3     1.0000    1.0000    1.0000         3
           4     0.5000    0.5000    0.5000         2
           5     0.6667    1.0000    0.8000         2
           6     1.0000    0.5000    0.6667         2
           7     0.5000    0.3333    0.4000         3
           8     0.2500    0.5000    0.3333         2
           9     0.6667    1.0000    0.8000         2
          10     1.0000    0.5000    0.6667         2
          11     1.0000    1.0000    1.0000         2
          12     0.0000    0.0000    0.0000         2
          13     0.6000    1.0000    0.7500         3
          14     1.0000    1.0000    1.0000         2
          15     1.0000    1.0000    1.0000         3
          16     1.0000    0.6667    0.8000         3
          17     1.0000    0.3333    0.5000         3
          18     1.0000    1.0000    1.0000         3
          19     1.0000    1.0000    1.0000         3
          20     1.0000    0.6667    0.8000         3
          21     0.7500    1.0000    0.8571         3
          22     1.0000    1.0000    1.0000         3
          23     1.0000    0.6667    0.8000         3
          24     1.0000    0.3333    0.5000         3
          25     1.0000    1.0000    1.0000         3
          26     0.0000    0.0000    0.0000         3
          27     0.6667    0.6667    0.6667         3
          28     0.5000    0.6667    0.5714         3
          29     1.0000    0.6667    0.8000         3
          30     0.4000    1.0000    0.5714         2
          31     0.5000    1.0000    0.6667         2
          32     0.5000    1.0000    0.6667         2
          33     0.5000    0.5000    0.5000         2
          34     0.3333    0.5000    0.4000         2
          35     1.0000    0.5000    0.6667         2

    accuracy                         0.7111        90
   macro avg     0.7454    0.7083    0.6856        90
weighted avg     0.7631    0.7111    0.6979        90
