              precision    recall  f1-score   support

           0     1.0000    1.0000    1.0000         2
           1     1.0000    1.0000    1.0000         3
           2     1.0000    1.0000    1.0000         2
           3     1.0000    1.0000    1.0000         3
           4     1.0000    1.0000    1.0000         2
           5     1.0000    1.0000    1.0000         3
           6     1.0000    1.0000    1.0000         3
           7     1.0000    1.0000    1.0000         2
           8     1.0000    1.0000    1.0000         2
           9     1.0000    1.0000    1.0000         2
          10     1.0000    1.0000    1.0000         3
          11     1.0000    1.0000    1.0000         2
          12     1.0000    1.0000    1.0000         2
          13     0.6000    1.0000    0.7500         3
          14     1.0000    1.0000    1.0000         3
          15     1.0000    1.0000    1.0000         2
          16     1.0000    1.0000    1.0000         3
          17     1.0000    1.0000    1.0000         3
          18     1.0000    0.5000    0.6667         2
          19     1.0000    1.0000    1.0000         3
          20     1.0000    0.6667    0.8000         3
          21     0.6667    1.0000    0.8000         2
          22     1.0000    1.0000    1.0000         2
          23     1.0000    1.0000    1.0000         3
          24     0.6667    1.0000    0.8000         2
          25     1.0000    1.0000    1.0000         3
          26     1.0000    1.0000    1.0000         3
          27     1.0000    0.5000    0.6667         2
          28     1.0000    0.5000    0.6667         2
          29     1.0000    1.0000    1.0000         2
          30     1.0000    1.0000    1.0000         3
          31     1.0000    1.0000    1.0000         3
          32     1.0000    1.0000    1.0000         3
          33     1.0000    1.0000    1.0000         2
          34     1.0000    1.0000    1.0000         3
          35     1.0000    1.0000    1.0000         2

    accuracy                         0.9556        90
   macro avg     0.9704    0.9491    0.9486        90
weighted avg     0.9719    0.9556    0.9539        90
