              precision    recall  f1-score   support

           0     0.5000    1.0000    0.6667         2
           1     1.0000    1.0000    1.0000         3
           2     1.0000    1.0000    1.0000         2
           3     0.6667    0.6667    0.6667         3
           4     0.6667    0.6667    0.6667         3
           5     1.0000    0.5000    0.6667         2
           6     1.0000    1.0000    1.0000         3
           7     1.0000    1.0000    1.0000         2
           8     1.0000    1.0000    1.0000         2
           9     1.0000    0.3333    0.5000         3
          10     1.0000    1.0000    1.0000         2
          11     0.6000    1.0000    0.7500         3
          12     0.6667    0.6667    0.6667         3
          13     1.0000    1.0000    1.0000         2
          14     0.6000    1.0000    0.7500         3
          15     1.0000    0.5000    0.6667         2
          16     0.5000    0.5000    0.5000         2
          17     1.0000    1.0000    1.0000         3
          18     1.0000    0.6667    0.8000         3
          19     0.7500    1.0000    0.8571         3
          20     1.0000    0.6667    0.8000         3
          21     1.0000    1.0000    1.0000         3
          22     1.0000    1.0000    1.0000         2
          23     1.0000    0.3333    0.5000         3
          24     1.0000    0.5000    0.6667         2
          25     0.5000    1.0000    0.6667         2
          26     1.0000    1.0000    1.0000         2
          27     1.0000    1.0000    1.0000         3
          28     1.0000    1.0000    1.0000         2
          29     0.6667    1.0000    0.8000         2
          30     1.0000    0.5000    0.6667         2
          31     1.0000    0.6667    0.8000         3
          32     1.0000    0.5000    0.6667         2
          33     0.7500    1.0000    0.8571         3
          34     0.6667    1.0000    0.8000         2
          35     1.0000    1.0000    1.0000         3

    accuracy                         0.8222        90
   macro avg     0.8759    0.8241    0.8161        90
weighted avg     0.8752    0.8222    0.8153        90
