              precision    recall  f1-score   support

           0     1.0000    1.0000    1.0000         3
           1     1.0000    1.0000    1.0000         3
           2     1.0000    1.0000    1.0000         2
           3     1.0000    0.6667    0.8000         3
           4     1.0000    1.0000    1.0000         3
           5     1.0000    1.0000    1.0000         3
           6     1.0000    0.5000    0.6667         2
           7     1.0000    1.0000    1.0000         3
           8     1.0000    1.0000    1.0000         3
           9     1.0000    1.0000    1.0000         2
          10     0.6667    1.0000    0.8000         2
          11     1.0000    1.0000    1.0000         3
          12     1.0000    1.0000    1.0000         3
          13     1.0000    1.0000    1.0000         3
          14     1.0000    1.0000    1.0000         2
          15     1.0000    0.5000    0.6667         2
          16     1.0000    1.0000    1.0000         2
          17     1.0000    1.0000    1.0000         2
          18     1.0000    0.6667    0.8000         3
          19     0.6000    1.0000    0.7500         3
          20     1.0000    1.0000    1.0000         3
          21     1.0000    1.0000    1.0000         2
          22     1.0000    1.0000    1.0000         2
          23     1.0000    1.0000    1.0000         3
          24     1.0000    1.0000    1.0000         2
          25     1.0000    1.0000    1.0000         2
          26     1.0000    1.0000    1.0000         2
          27     1.0000    1.0000    1.0000         2
          28     1.0000    1.0000    1.0000         2
          29     1.0000    1.0000    1.0000         3
          30     1.0000    1.0000    1.0000         2
          31     1.0000    1.0000    1.0000         3
          32     1.0000    1.0000    1.0000         3
          33     1.0000    1.0000    1.0000         2
          34     0.7500    1.0000    0.8571         3
          35     1.0000    1.0000    1.0000         2

    accuracy                         0.9556        90
   macro avg     0.9727    0.9537    0.9539        90
weighted avg     0.9709    0.9556    0.9543        90
