              precision    recall  f1-score   support

           0     1.0000    1.0000    1.0000         3
           1     0.7500    1.0000    0.8571         3
           2     0.6667    0.6667    0.6667         3
           3     1.0000    1.0000    1.0000         2
           4     0.6667    1.0000    0.8000         2
           5     1.0000    0.6667    0.8000         3
           6     1.0000    1.0000    1.0000         2
           7     1.0000    1.0000    1.0000         2
           8     1.0000    0.5000    0.6667         2
           9     0.6667    1.0000    0.8000         2
          10     1.0000    0.6667    0.8000         3
          11     0.5000    1.0000    0.6667         2
          12     0.7500    1.0000    0.8571         3
          13     1.0000    1.0000    1.0000         3
          14     0.7500    1.0000    0.8571         3
          15     1.0000    0.5000    0.6667         2
          16     1.0000    1.0000    1.0000         3
          17     1.0000    1.0000    1.0000         2
          18     1.0000    0.5000    0.6667         2
          19     1.0000    1.0000    1.0000         3
          20     0.6667    0.6667    0.6667         3
          21     0.5000    0.5000    0.5000         2
          22     1.0000    0.6667    0.8000         3
          23     1.0000    0.6667    0.8000         3
          24     0.5000    1.0000    0.6667         2
          25     1.0000    0.6667    0.8000         3
          26     1.0000    0.6667    0.8000         3
          27     1.0000    1.0000    1.0000         3
          28     0.6667    0.6667    0.6667         3
          29     1.0000    1.0000    1.0000         2
          30     0.6667    1.0000    0.8000         2
          31     1.0000    0.5000    0.6667         2
          32     0.7500    1.0000    0.8571         3
          33     1.0000    1.0000    1.0000         2
          34     1.0000    0.5000    0.6667         2
          35     1.0000    1.0000    1.0000         2

    accuracy                         0.8333        90
   macro avg     0.8750    0.8333    0.8276        90
weighted avg     0.8778    0.8333    0.8313        90
