              precision    recall  f1-score   support

           0     1.0000    1.0000    1.0000         3
           1     0.3333    0.5000    0.4000         2
           2     0.3333    0.5000    0.4000         2
           3     1.0000    1.0000    1.0000         2
           4     1.0000    0.6667    0.8000         3
           5     0.6000    1.0000    0.7500         3
           6     1.0000    1.0000    1.0000         2
           7     1.0000    1.0000    1.0000         2
           8     1.0000    1.0000    1.0000         3
           9     1.0000    1.0000    1.0000         2
          10     0.7500    1.0000    0.8571         3
          11     1.0000    1.0000    1.0000         3
          12     0.6667    1.0000    0.8000         2
          13     1.0000    1.0000    1.0000         3
          14     1.0000    1.0000    1.0000         3
          15     0.6667    1.0000    0.8000         2
          16     1.0000    1.0000    1.0000         3
          17     1.0000    1.0000    1.0000         2
          18     0.6667    1.0000    0.8000         2
          19     0.5000    0.3333    0.4000         3
          20     1.0000    1.0000    1.0000         2
          21     0.0000    0.0000    0.0000         2
          22     1.0000    1.0000    1.0000         2
          23     1.0000    1.0000    1.0000         3
          24     0.6000    1.0000    0.7500         3
          25     1.0000    0.6667    0.8000         3
          26     1.0000    0.5000    0.6667         2
          27     0.6667    0.6667    0.6667         3
          28     0.0000    0.0000    0.0000         2
          29     1.0000    0.5000    0.6667         2
          30     0.5000    0.3333    0.4000         3
          31     1.0000    1.0000    1.0000         3
          32     0.5000    0.5000    0.5000         2
          33     1.0000    1.0000    1.0000         3
          34     1.0000    1.0000    1.0000         3
          35     0.5000    0.5000    0.5000         2

    accuracy                         0.8111        90
   macro avg     0.7856    0.7963    0.7766        90
weighted avg     0.8020    0.8111    0.7926        90
