              precision    recall  f1-score   support

           0     1.0000    0.5000    0.6667         2
           1     1.0000    0.5000    0.6667         2
           2     0.5000    1.0000    0.6667         2
           3     0.6667    0.6667    0.6667         3
           4     1.0000    0.5000    0.6667         2
           5     0.3333    0.3333    0.3333         3
           6     0.5000    0.3333    0.4000         3
           7     1.0000    0.5000    0.6667         2
           8     1.0000    1.0000    1.0000         3
           9     1.0000    0.6667    0.8000         3
          10     0.3333    0.3333    0.3333         3
          11     0.3333    0.3333    0.3333         3
          12     0.5000    1.0000    0.6667         3
          13     0.0000    0.0000    0.0000         2
          14     0.6667    0.6667    0.6667         3
          15     0.6667    0.6667    0.6667         3
          16     0.0000    0.0000    0.0000         2
          17     0.3333    0.6667    0.4444         3
          18     0.5000    1.0000    0.6667         2
          19     0.7500    1.0000    0.8571         3
          20     0.0000    0.0000    0.0000         3
          21     0.5000    0.6667    0.5714         3
          22     0.0000    0.0000    0.0000         2
          23     0.5000    0.5000    0.5000         2
          24     1.0000    1.0000    1.0000         3
          25     1.0000    1.0000    1.0000         2
          26     0.5000    0.3333    0.4000         3
          27     1.0000    0.5000    0.6667         2
          28     0.5000    0.5000    0.5000         2
          29     0.5000    0.5000    0.5000         2
          30     0.5000    1.0000    0.6667         2
          31     0.0000    0.0000    0.0000         2
          32     0.5000    0.6667    0.5714         3
          33     0.3333    0.5000    0.4000         2
          34     1.0000    1.0000    1.0000         2
          35     1.0000    0.3333    0.5000         3

    accuracy                         0.5667        90
   macro avg     0.5810    0.5602    0.5401        90
weighted avg     0.5824    0.5667    0.5456        90
