              precision    recall  f1-score   support

           0     0.6667    1.0000    0.8000         2
           1     1.0000    1.0000    1.0000         3
           2     1.0000    1.0000    1.0000         2
           3     1.0000    1.0000    1.0000         3
           4     1.0000    1.0000    1.0000         2
           5     1.0000    1.0000    1.0000         2
           6     1.0000    0.5000    0.6667         2
           7     0.3333    0.5000    0.4000         2
           8     1.0000    0.6667    0.8000         3
           9     0.0000    0.0000    0.0000         2
          10     1.0000    1.0000    1.0000         3
          11     1.0000    1.0000    1.0000         3
          12     1.0000    1.0000    1.0000         3
          13     1.0000    1.0000    1.0000         3
          14     1.0000    1.0000    1.0000         3
          15     1.0000    0.6667    0.8000         3
          16     1.0000    0.3333    0.5000         3
          17     1.0000    1.0000    1.0000         2
          18     0.5000    1.0000    0.6667         2
          19     0.6667    1.0000    0.8000         2
          20     1.0000    1.0000    1.0000         3
          21     1.0000    1.0000    1.0000         2
          22     1.0000    1.0000    1.0000         2
          23     1.0000    1.0000    1.0000         3
          24     1.0000    1.0000    1.0000         2
          25     1.0000    1.0000    1.0000         3
          26     0.6667    1.0000    0.8000         2
          27     0.6667    1.0000    0.8000         2
          28     1.0000    1.0000    1.0000         3
          29     0.7500    1.0000    0.8571         3
          30     1.0000    0.6667    0.8000         3
          31     1.0000    1.0000    1.0000         2
          32     1.0000    1.0000    1.0000         3
          33     1.0000    1.0000    1.0000         2
          34     1.0000    1.0000    1.0000         3
          35     1.0000    1.0000    1.0000         2

    accuracy                         0.9000        90
   macro avg     0.8958    0.8981    0.8803        90
weighted avg     0.9139    0.9000    0.8904        90
