              precision    recall  f1-score   support

           0     0.5000    0.5000    0.5000         2
           1     0.0000    0.0000    0.0000         2
           2     0.1667    1.0000    0.2857         2
           3     0.0000    0.0000    0.0000         2
           4     0.0000    0.0000    0.0000         2
           5     0.0000    0.0000    0.0000         3
           6     0.0000    0.0000    0.0000         3
           7     0.0000    0.0000    0.0000         2
           8     0.0000    0.0000    0.0000         3
           9     0.0000    0.0000    0.0000         3
          10     0.0000    0.0000    0.0000         3
          11     0.0000    0.0000    0.0000         3
          12     0.0000    0.0000    0.0000         2
          13     0.0000    0.0000    0.0000         3
          14     0.0000    0.0000    0.0000         3
          15     0.0000    0.0000    0.0000         3
          16     0.0000    0.0000    0.0000         3
          17     0.0000    0.0000    0.0000         3
          18     0.0000    0.0000    0.0000         2
          19     0.0000    0.0000    0.0000         2
          20     0.0000    0.0000    0.0000         3
          21     0.0714    1.0000    0.1333         2
          22     0.0000    0.0000    0.0000         2
          23     0.0000    0.0000    0.0000         2
          24     0.0000    0.0000    0.0000         2
          25     0.1250    0.5000    0.2000         2
          26     0.0000    0.0000    0.0000         3
          27     0.0000    0.0000    0.0000         3
          28     0.0000    0.0000    0.0000         3
          29     0.0000    0.0000    0.0000         2
          30     0.0000    0.0000    0.0000         2
          31     0.0000    0.0000    0.0000         2
          32     0.1667    0.3333    0.2222         3
          33     0.0000    0.0000    0.0000         3
          34     0.0000    0.0000    0.0000         3
          35     0.0000    0.0000    0.0000         2

    accuracy                         0.0778        90
   macro avg     0.0286    0.0926    0.0373        90
weighted avg     0.0247    0.0778    0.0323        90
