              precision    recall  f1-score   support

           0     1.0000    0.5000    0.6667         2
           1     1.0000    1.0000    1.0000         3
           2     1.0000    1.0000    1.0000         3
           3     1.0000    1.0000    1.0000         2
           4     1.0000    1.0000    1.0000         2
           5     1.0000    1.0000    1.0000         2
           6     1.0000    1.0000    1.0000         3
           7     1.0000    1.0000    1.0000         3
           8     1.0000    1.0000    1.0000         3
           9     0.6667    1.0000    0.8000         2
          10     0.7500    1.0000    0.8571         3
          11     1.0000    1.0000    1.0000         2
          12     1.0000    0.6667    0.8000         3
          13     1.0000    1.0000    1.0000         3
          14     1.0000    1.0000    1.0000         2
          15     1.0000    1.0000    1.0000         3
          16     1.0000    1.0000    1.0000         2
          17     1.0000    1.0000    1.0000         3
          18     1.0000    1.0000    1.0000         3
          19     1.0000    1.0000    1.0000         3
          20     1.0000    1.0000    1.0000         2
          21     1.0000    1.0000    1.0000         2
          22     1.0000    1.0000    1.0000         3
          23     1.0000    1.0000    1.0000         2
          24     0.5000    1.0000    0.6667         2
          25     1.0000    0.3333    0.5000         3
          26     1.0000    0.5000    0.6667         2
          27     1.0000    1.0000    1.0000         2
          28     1.0000    1.0000    1.0000         2
          29     1.0000    1.0000    1.0000         3
          30     1.0000    1.0000    1.0000         2
          31     1.0000    1.0000    1.0000         2
          32     1.0000    1.0000    1.0000         3
          33     0.7500    1.0000    0.8571         3
          34     1.0000    1.0000    1.0000         3
          35     1.0000    1.0000    1.0000         2

    accuracy                         0.9444        90
   macro avg     0.9630    0.9444    0.9393        90
weighted avg     0.9648    0.9444    0.9405        90
