              precision    recall  f1-score   support

           0     0.3333    0.5000    0.4000         2
           1     1.0000    1.0000    1.0000         2
           2     1.0000    1.0000    1.0000         2
           3     1.0000    1.0000    1.0000         2
           4     1.0000    1.0000    1.0000         2
           5     1.0000    1.0000    1.0000         3
           6     0.5000    0.5000    0.5000         2
           7     1.0000    1.0000    1.0000         3
           8     1.0000    1.0000    1.0000         2
           9     0.3333    0.3333    0.3333         3
          10     1.0000    1.0000    1.0000         3
          11     1.0000    1.0000    1.0000         2
          12     1.0000    0.6667    0.8000         3
          13     0.7500    1.0000    0.8571         3
          14     1.0000    0.6667    0.8000         3
          15     1.0000    1.0000    1.0000         3
          16     1.0000    0.6667    0.8000         3
          17     1.0000    0.6667    0.8000         3
          18     1.0000    1.0000    1.0000         2
          19     1.0000    0.5000    0.6667         2
          20     1.0000    1.0000    1.0000         2
          21     1.0000    1.0000    1.0000         2
          22     1.0000    1.0000    1.0000         2
          23     1.0000    1.0000    1.0000         3
          24     0.6667    1.0000    0.8000         2
          25     1.0000    1.0000    1.0000         2
          26     1.0000    1.0000    1.0000         2
          27     1.0000    1.0000    1.0000         3
          28     1.0000    1.0000    1.0000         3
          29     0.6667    0.6667    0.6667         3
          30     0.7500    1.0000    0.8571         3
          31     1.0000    1.0000    1.0000         3
          32     1.0000    1.0000    1.0000         3
          33     0.7500    1.0000    0.8571         3
          34     1.0000    1.0000    1.0000         2
          35     1.0000    1.0000    1.0000         2

    accuracy                         0.8889        90
   macro avg     0.9097    0.8935    0.8927        90
weighted avg     0.9083    0.8889    0.8894        90
