              precision    recall  f1-score   support

           0     0.0000    0.0000    0.0000         3
           1     0.0000    0.0000    0.0000         2
           2     0.0000    0.0000    0.0000         3
           3     0.0000    0.0000    0.0000         2
           4     0.0000    0.0000    0.0000         3
           5     0.0000    0.0000    0.0000         2
           6     0.0000    0.0000    0.0000         3
           7     0.0000    0.0000    0.0000         3
           8     0.0000    0.0000    0.0000         2
           9     0.0000    0.0000    0.0000         2
          10     0.0000    0.0000    0.0000         2
          11     0.0000    0.0000    0.0000         2
          12     0.0000    0.0000    0.0000         2
          13     0.0000    0.0000    0.0000         2
          14     0.0000    0.0000    0.0000         3
          15     0.0000    0.0000    0.0000         3
          16     0.0000    0.0000    0.0000         3
          17     0.0000    0.0000    0.0000         3
          18     0.0000    0.0000    0.0000         3
          19     0.0000    0.0000    0.0000         3
          20     0.0000    0.0000    0.0000         3
          21     0.0278    1.0000    0.0541         2
          22     0.0000    0.0000    0.0000         2
          23     0.0000    0.0000    0.0000         2
          24     0.0000    0.0000    0.0000         2
          25     0.0000    0.0000    0.0000         3
          26     0.0000    0.0000    0.0000         2
          27     0.0000    0.0000    0.0000         2
          28     0.0000    0.0000    0.0000         2
          29     0.0000    0.0000    0.0000         2
          30     0.0000    0.0000    0.0000         3
          31     0.0000    0.0000    0.0000         3
          32     0.0000    0.0000    0.0000         2
          33     0.0000    0.0000    0.0000         3
          34     0.0000    0.0000    0.0000         3
          35     0.0000    0.0000    0.0000         3

    accuracy                         0.0222        90
   macro avg     0.0008    0.0278    0.0015        90
weighted avg     0.0006    0.0222    0.0012        90
