              precision    recall  f1-score   support

           0     1.0000    1.0000    1.0000         2
           1     1.0000    1.0000    1.0000         3
           2     1.0000    1.0000    1.0000         2
           3     1.0000    1.0000    1.0000         2
           4     1.0000    1.0000    1.0000         3
           5     1.0000    1.0000    1.0000         3
           6     1.0000    1.0000    1.0000         2
           7     1.0000    1.0000    1.0000         3
           8     1.0000    0.5000    0.6667         2
           9     1.0000    1.0000    1.0000         2
          10     1.0000    1.0000    1.0000         2
          11     1.0000    1.0000    1.0000         2
          12     1.0000    0.3333    0.5000         3
          13     1.0000    1.0000    1.0000         2
          14     1.0000    1.0000    1.0000         3
          15     1.0000    1.0000    1.0000         3
          16     1.0000    1.0000    1.0000         3
          17     1.0000    1.0000    1.0000         2
          18     0.7500    1.0000    0.8571         3
          19     1.0000    1.0000    1.0000         2
          20     1.0000    1.0000    1.0000         3
          21     1.0000    1.0000    1.0000         2
          22     1.0000    1.0000    1.0000         2
          23     1.0000    1.0000    1.0000         3
          24     1.0000    1.0000    1.0000         2
          25     1.0000    1.0000    1.0000         2
          26     1.0000    1.0000    1.0000         3
          27     1.0000    1.0000    1.0000         2
          28     1.0000    1.0000    1.0000         2
          29     1.0000    1.0000    1.0000         3
          30     0.6667    0.6667    0.6667         3
          31     1.0000    1.0000    1.0000         3
          32     1.0000    1.0000    1.0000         3
          33     0.5000    1.0000    0.6667         2
          34     1.0000    1.0000    1.0000         3
          35     1.0000    1.0000    1.0000         3

    accuracy                         0.9556        90
   macro avg     0.9699    0.9583    0.9544        90
weighted avg     0.9694    0.9556    0.9526        90
