              precision    recall  f1-score   support

           0     0.7500    1.0000    0.8571         3
           1     1.0000    1.0000    1.0000         3
           2     1.0000    1.0000    1.0000         2
           3     0.7500    1.0000    0.8571         3
           4     1.0000    1.0000    1.0000         2
           5     1.0000    1.0000    1.0000         2
           6     1.0000    1.0000    1.0000         3
           7     1.0000    1.0000    1.0000         2
           8     1.0000    1.0000    1.0000         2
           9     1.0000    0.6667    0.8000         3
          10     0.7500    1.0000    0.8571         3
          11     1.0000    1.0000    1.0000         3
          12     1.0000    1.0000    1.0000         2
          13     1.0000    1.0000    1.0000         2
          14     1.0000    0.5000    0.6667         2
          15     1.0000    1.0000    1.0000         2
          16     1.0000    1.0000    1.0000         3
          17     1.0000    1.0000    1.0000         2
          18     1.0000    1.0000    1.0000         2
          19     1.0000    1.0000    1.0000         2
          20     1.0000    1.0000    1.0000         3
          21     1.0000    1.0000    1.0000         3
          22     1.0000    1.0000    1.0000         2
          23     1.0000    1.0000    1.0000         2
          24     1.0000    1.0000    1.0000         3
          25     1.0000    1.0000    1.0000         2
          26     1.0000    1.0000    1.0000         2
          27     1.0000    1.0000    1.0000         3
          28     1.0000    0.6667    0.8000         3
          29     1.0000    1.0000    1.0000         2
          30     1.0000    1.0000    1.0000         3
          31     1.0000    1.0000    1.0000         3
          32     1.0000    1.0000    1.0000         3
          33     1.0000    1.0000    1.0000         3
          34     1.0000    1.0000    1.0000         3
          35     1.0000    1.0000    1.0000         2

    accuracy                         0.9667        90
   macro avg     0.9792    0.9676    0.9677        90
weighted avg     0.9750    0.9667    0.9650        90
