              precision    recall  f1-score   support

           0     1.0000    1.0000    1.0000         3
           1     1.0000    1.0000    1.0000         2
           2     0.6667    1.0000    0.8000         2
           3     1.0000    1.0000    1.0000         2
           4     1.0000    1.0000    1.0000         2
           5     1.0000    1.0000    1.0000         3
           6     1.0000    1.0000    1.0000         2
           7     1.0000    1.0000    1.0000         3
           8     1.0000    1.0000    1.0000         2
           9     1.0000    0.6667    0.8000         3
          10     1.0000    1.0000    1.0000         3
          11     1.0000    1.0000    1.0000         3
          12     1.0000    0.5000    0.6667         2
          13     1.0000    1.0000    1.0000         2
          14     1.0000    1.0000    1.0000         3
          15     1.0000    0.5000    0.6667         2
          16     0.5000    0.5000    0.5000         2
          17     1.0000    0.3333    0.5000         3
          18     1.0000    0.6667    0.8000         3
          19     1.0000    0.6667    0.8000         3
          20     0.7500    1.0000    0.8571         3
          21     1.0000    0.6667    0.8000         3
          22     1.0000    1.0000    1.0000         2
          23     1.0000    1.0000    1.0000         2
          24     1.0000    1.0000    1.0000         2
          25     0.6000    1.0000    0.7500         3
          26     1.0000    1.0000    1.0000         3
          27     1.0000    1.0000    1.0000         2
          28     1.0000    0.5000    0.6667         2
          29     0.6667    1.0000    0.8000         2
          30     0.6667    1.0000    0.8000         2
          31     0.7500    1.0000    0.8571         3
          32     0.7500    1.0000    0.8571         3
          33     1.0000    0.5000    0.6667         2
          34     0.7500    1.0000    0.8571         3
          35     0.7500    1.0000    0.8571         3

    accuracy                         0.8778        90
   macro avg     0.9125    0.8750    0.8695        90
weighted avg     0.9117    0.8778    0.8704        90
