              precision    recall  f1-score   support

           0     1.0000    1.0000    1.0000         3
           1     1.0000    1.0000    1.0000         2
           2     1.0000    1.0000    1.0000         2
           3     1.0000    1.0000    1.0000         3
           4     1.0000    1.0000    1.0000         3
           5     0.5000    0.5000    0.5000         2
           6     1.0000    0.5000    0.6667         2
           7     1.0000    1.0000    1.0000         2
           8     1.0000    1.0000    1.0000         3
           9     1.0000    1.0000    1.0000         2
          10     1.0000    1.0000    1.0000         2
          11     1.0000    0.5000    0.6667         2
          12     1.0000    1.0000    1.0000         2
          13     0.6667    1.0000    0.8000         2
          14     1.0000    1.0000    1.0000         3
          15     1.0000    1.0000    1.0000         3
          16     1.0000    1.0000    1.0000         3
          17     1.0000    1.0000    1.0000         3
          18     1.0000    1.0000    1.0000         3
          19     1.0000    1.0000    1.0000         3
          20     1.0000    1.0000    1.0000         3
          21     1.0000    1.0000    1.0000         3
          22     1.0000    1.0000    1.0000         3
          23     0.7500    1.0000    0.8571         3
          24     1.0000    1.0000    1.0000         3
          25     1.0000    1.0000    1.0000         2
          26     1.0000    1.0000    1.0000         2
          27     0.6000    1.0000    0.7500         3
          28     1.0000    0.6667    0.8000         3
          29     1.0000    0.5000    0.6667         2
          30     1.0000    1.0000    1.0000         2
          31     1.0000    1.0000    1.0000         2
          32     1.0000    1.0000    1.0000         2
          33     1.0000    1.0000    1.0000         2
          34     1.0000    1.0000    1.0000         2
          35     1.0000    1.0000    1.0000         3

    accuracy                         0.9444        90
   macro avg     0.9588    0.9352    0.9363        90
weighted avg     0.9598    0.9444    0.9425        90
