              precision    recall  f1-score   support

           0     1.0000    1.0000    1.0000         2
           1     1.0000    1.0000    1.0000         2
           2     1.0000    1.0000    1.0000         2
           3     1.0000    1.0000    1.0000         2
           4     0.6667    0.6667    0.6667         3
           5     1.0000    0.6667    0.8000         3
           6     1.0000    1.0000    1.0000         3
           7     1.0000    1.0000    1.0000         3
           8     1.0000    1.0000    1.0000         3
           9     1.0000    1.0000    1.0000         2
          10     1.0000    1.0000    1.0000         2
          11     0.6667    0.6667    0.6667         3
          12     1.0000    1.0000    1.0000         3
          13     1.0000    1.0000    1.0000         2
          14     1.0000    1.0000    1.0000         3
          15     1.0000    1.0000    1.0000         2
          16     1.0000    1.0000    1.0000         3
          17     1.0000    1.0000    1.0000         2
          18     1.0000    1.0000    1.0000         2
          19     1.0000    1.0000    1.0000         2
          20     1.0000    1.0000    1.0000         3
          21     1.0000    1.0000    1.0000         2
          22     1.0000    0.6667    0.8000         3
          23     0.6667    0.6667    0.6667         3
          24     1.0000    1.0000    1.0000         2
          25     1.0000    1.0000    1.0000         2
          26     1.0000    1.0000    1.0000         2
          27     0.6667    1.0000    0.8000         2
          28     1.0000    1.0000    1.0000         2
          29     1.0000    0.6667    0.8000         3
          30     1.0000    0.6667    0.8000         3
          31     0.6667    1.0000    0.8000         2
          32     1.0000    1.0000    1.0000         3
          33     1.0000    1.0000    1.0000         3
          34     0.6000    1.0000    0.7500         3
          35     1.0000    1.0000    1.0000         3

    accuracy                         0.9222        90
   macro avg     0.9426    0.9352    0.9319        90
weighted avg     0.9385    0.9222    0.9228        90
